39.718287 116.338868 0.006258
39.893618 116.306306 0.002434
39.870995 116.474701 0.006838
40.075977 116.339753 0.007647
39.830570 116.318069 0.005146
39.864185 116.454113 0.006399
39.851797 116.231373 0.005707
39.973652 116.332448 0.003809
39.731059 116.142008 0.001883
39.886824 116.345689 0.007637
39.931170 116.484971 0.006920
39.890433 116.310071 0.006159
39.726200 116.325000 0.004582
39.931915 116.188587 0.004645
39.921989 116.652581 0.007744
40.003036 116.339037 0.008601
40.067796 116.213255 0.007621
39.866024 116.359781 0.007557
39.935749 116.538294 0.005115
39.845531 116.414704 0.001991
39.852917 116.195887 0.003763
40.134090 116.627950 0.005860
40.024657 116.300134 0.005252
39.850928 116.230276 0.002843
40.028407 116.424589 0.006244
39.749887 116.301323 0.006727
39.962199 116.632293 0.013991
39.973983 116.424384 0.008301
39.904140 116.267178 0.009115
40.012259 116.459131 0.007995
39.921034 116.443188 0.002946
39.994066 116.407265 0.002276
39.884731 116.460370 0.006511
40.023399 116.449127 0.008082
39.813970 116.454699 0.001720
39.986873 116.479578 0.003735
39.806785 116.418034 0.009031
40.055164 116.616226 0.007801
40.090924 116.305633 0.007888
39.841051 116.474319 0.005791
39.971497 116.401391 0.009620
39.916266 116.187905 0.002244
39.943490 116.277925 0.002783
39.983291 116.287089 0.006963
39.956183 116.432080 0.006384
39.897404 116.415271 0.004847
39.905569 116.432197 0.004368
40.075650 116.317559 0.008725
39.964235 116.491838 0.007351
39.924498 116.358732 0.002555
40.041901 116.180419 0.005070
39.931320 116.135429 0.009273
39.741419 116.148885 0.004450
39.906176 116.283614 0.007968
39.933703 116.396086 0.005012
39.927536 116.443496 0.002314
39.901595 116.353532 0.003611
39.880697 116.353884 0.005598
40.070902 116.411736 0.003745
39.859792 116.427804 0.004674
39.977335 116.317886 0.007480
39.873082 116.321715 0.002853
39.873394 116.294238 0.007463
39.731542 116.328470 0.001200
40.101841 116.289741 0.008153
40.013478 116.466903 0.004188
39.961629 116.450588 0.004631
39.902800 116.253520 0.003948
39.908810 116.441002 0.004552
39.988231 116.333551 0.002092
39.881415 116.450718 0.001814
39.838416 116.281379 0.008145
39.851611 116.230533 0.002189
39.878498 116.489292 0.009991
39.910946 116.335768 0.007905
40.149282 116.289818 0.004526
39.888924 116.299109 0.003284
40.016782 116.504605 0.009144
39.930212 116.237032 0.006365
39.979111 116.336819 0.001593
39.722554 116.141874 0.006423
39.865685 116.552323 0.008637
39.855722 116.294137 0.009307
39.975917 116.323532 0.008007
39.882882 116.347453 0.007246
39.961710 116.109059 0.007585
39.826950 116.202110 0.004670
39.946583 116.391788 0.003942
39.915036 116.572964 0.009269
40.003431 116.498091 0.003840
39.837173 116.290606 0.004686
40.073271 116.324890 0.007341
39.938200 116.327604 0.001841
39.893785 116.323951 0.003787
39.850133 116.438489 0.007474
39.917524 116.264954 0.004757
39.764075 116.382484 0.005205
39.953670 116.605687 0.004488
39.905844 116.375529 0.005571
40.045390 116.592032 0.002614
40.130429 116.650579 0.002728
39.924532 116.334266 0.004489
39.888244 116.368251 0.004972
39.762641 116.289287 0.013641
39.980906 116.323659 0.008195
39.878859 116.382044 0.005458
39.948260 116.465560 0.004013
39.886998 116.678976 0.004023
39.923475 116.403005 0.004035
40.005434 116.471887 0.006130
39.994978 116.402454 0.007603
39.968484 116.410350 0.001022
39.809123 116.578023 0.005685
39.885805 116.635415 0.005706
39.922950 116.445125 0.005989
39.851632 116.313772 0.002762
39.724750 116.337476 0.002758
39.774359 116.334821 0.006315
39.881796 116.460363 0.007749
39.893367 116.510905 0.001611
39.947887 116.602397 0.008774
39.904977 116.437225 0.006128
39.943648 116.090851 0.008009
39.866464 116.454609 0.008264
39.890382 116.407776 0.006679
39.764446 116.340864 0.009177
39.717980 116.462177 0.005540
39.933204 116.395767 0.002664
40.102643 116.288513 0.009561
39.941389 116.430045 0.002450
40.002003 116.266060 0.006346
39.865119 116.426914 0.003080
39.872684 116.330320 0.003642
39.865090 116.514296 0.001973
39.844801 116.235127 0.003551
39.915356 116.497250 0.005905
40.076023 116.368526 0.007694
39.805578 116.428617 0.004656
39.921515 116.437743 0.004267
40.041645 116.482373 0.022408
39.970490 116.232567 0.003165
39.914727 116.575074 0.004131
39.933462 116.291908 0.002143
40.074918 116.364438 0.002399
39.954713 116.361682 0.004477
39.719784 116.354919 0.004083
39.891519 116.424953 0.002992
39.742061 116.203068 0.013032
39.807157 116.502527 0.005576
40.111553 116.211378 0.004876
39.856381 116.631359 0.013364
39.942585 116.416911 0.004120
39.998776 116.503385 0.006795
39.931440 116.264121 0.008145
39.889171 116.309513 0.003032
40.129223 116.636134 0.005483
39.935010 116.375975 0.001262
39.893844 116.522856 0.002581
39.866543 116.663231 0.005073
39.910678 116.472530 0.007695
40.117215 116.273083 0.009723
39.810184 116.164655 0.008194
39.907182 116.451709 0.001239
39.900476 116.411509 0.005394
39.945246 116.408593 0.006668
40.129821 116.653929 0.006041
39.918934 116.357553 0.003643
39.922888 116.438637 0.004330
39.923723 116.374488 0.001719
39.714982 116.465397 0.005619
39.904820 116.455211 0.002569
40.001073 116.344397 0.002978
39.845040 116.334426 0.003997
39.897395 116.366739 0.005305
39.932972 116.513152 0.007530
39.819230 116.451930 0.006011
39.782994 116.420205 0.006105
39.934508 116.203073 0.006221
39.855440 116.432689 0.008086
39.751278 116.198096 0.013584
39.809171 116.506377 0.008834
39.975548 116.283767 0.005835
40.001418 116.353800 0.002285
39.966432 116.321004 0.005298
39.800321 116.481867 0.003171
40.028666 116.311222 0.002092
40.035410 116.417599 0.009661
39.878720 116.371431 0.004003
39.844597 116.326666 0.001468
40.061310 116.411400 0.007907
39.996743 116.332710 0.004083
39.905396 116.329145 0.003756
40.019524 116.266703 0.007588
39.957460 116.441820 0.002849
39.900278 116.481216 0.002757
39.878424 116.371889 0.004320
39.873202 116.408228 0.002681
39.863448 116.459461 0.004745
39.890095 116.674154 0.008367
39.979476 116.471160 0.006870
39.999687 116.462878 0.008820
39.823216 116.510319 0.009104
39.804458 116.441243 0.004423
39.865207 116.661894 0.002369
39.938160 116.425480 0.002690
39.859140 116.613694 0.008568
39.761350 116.272429 0.007577
40.030139 116.277172 0.006317
40.132015 116.563701 0.005817
39.881040 116.511416 0.004958
40.078886 116.350125 0.002296
39.747555 116.125363 0.004923
39.876544 116.363687 0.002269
39.890280 116.290660 0.003949
39.924141 116.343307 0.002595
39.928970 116.457528 0.004297
39.866407 116.457711 0.008437
39.904214 116.407413 0.002289
39.961951 116.337167 0.002953
39.908385 116.177786 0.009485
39.910178 116.320217 0.004271
40.107818 116.562248 0.007172
39.964451 116.324284 0.007107
39.978742 116.242625 0.003180
39.916220 116.249175 0.009085
39.923716 116.331515 0.005531
39.849939 116.368110 0.004070
39.942426 116.362207 0.003474
40.009371 116.342383 0.009814
39.917014 116.426925 0.005637
39.916855 116.535267 0.006399
39.930254 116.449755 0.003139
39.989036 116.626903 0.008329
39.956351 116.432051 0.005064
40.005321 116.346360 0.005075
39.882792 116.440161 0.003476
40.145452 116.139735 0.008631
39.992010 116.423778 0.009106
39.948305 116.415915 0.001877
39.892905 116.486083 0.005561
39.924775 116.438590 0.004642
39.902253 116.283637 0.009265
39.900644 116.463028 0.003017
39.693079 116.321057 0.020767
39.801671 116.347470 0.009140
39.870828 116.480557 0.009228
39.864958 116.573243 0.007385
39.805984 116.288603 0.004182
39.896902 116.375467 0.002258
39.906883 116.226123 0.005282
40.029880 116.627576 0.004943
39.875159 116.500137 0.002853
40.001611 116.384271 0.005055
39.865100 116.379000 0.004807
39.867303 116.281980 0.004735
40.076864 116.439934 0.009937
39.882266 116.315178 0.001392
39.869946 116.431043 0.006587
39.799941 116.485133 0.009261
39.885950 116.683105 0.008192
39.856797 116.370015 0.009404
39.914191 116.414449 0.004161
39.942675 116.416546 0.004640
39.804050 116.457185 0.005712
39.773802 116.335218 0.007572
39.895585 116.680336 0.001533
39.896124 116.394069 0.002149
39.774359 116.334821 0.002883
39.884823 116.477758 0.008918
40.051287 116.582485 0.002221
39.882023 116.460401 0.008094
39.947674 116.468911 0.002772
39.990149 116.483169 0.008563
39.914766 116.434444 0.008476
40.117685 116.646279 0.009653
39.835359 116.199545 0.002747
39.726399 116.119488 0.005822
39.882826 116.393239 0.001410
39.979253 116.347361 0.001745
39.867324 116.447151 0.008094
39.862626 116.264925 0.006458
39.927049 116.480708 0.003329
40.044607 116.592355 0.001426
39.731268 116.145465 0.005083
39.811732 116.413145 0.004071
39.896140 116.439441 0.004469
39.866295 116.404373 0.003326
39.714510 116.346747 0.008935
39.933326 116.439228 0.006184
39.987586 116.336683 0.001804
39.787352 116.344642 0.003621
40.067871 116.408224 0.003263
39.838385 116.703457 0.003071
40.008713 116.433298 0.006453
39.882414 116.347935 0.002890
39.890820 116.679379 0.007408
39.893453 116.365549 0.003998
40.012207 116.466816 0.004019
39.871974 116.295326 0.004459
40.033925 116.231019 0.002815
39.955189 116.424990 0.001767
39.980277 116.247239 0.003469
39.846021 116.351679 0.003565
39.924326 116.301389 0.003234
40.067001 116.213781 0.009226
39.893166 116.460703 0.004847
39.932635 116.424469 0.003678
39.899282 116.398060 0.002056
40.176145 116.464138 0.009917
39.800671 116.422042 0.008619
39.933793 116.446923 0.001033
39.781157 116.292618 0.004502
39.854940 116.366124 0.002411
39.862007 116.264793 0.007234
39.868721 116.339170 0.001845
39.906581 116.283240 0.009085
39.891903 116.421832 0.002942
39.866115 116.459772 0.002121
40.006690 116.461900 0.007135
39.925315 116.401215 0.002620
39.899704 116.378024 0.003941
39.941499 116.428418 0.004555
39.876120 116.295342 0.003753
39.909072 116.486498 0.006714
40.048979 116.243504 0.003428
39.847582 116.386963 0.004025
39.734744 116.144645 0.004005
39.913100 116.573180 0.009686
39.960018 116.491220 0.007792
40.059601 116.591640 0.008779
39.913202 116.450736 0.001598
39.975465 116.207622 0.005121
39.910405 116.416189 0.002760
40.130275 116.665032 0.007211
39.827692 116.467513 0.008212
39.761691 116.451489 0.003044
40.050943 116.583547 0.006111
39.944782 116.408434 0.003814
39.885447 116.253464 0.006870
39.854963 116.618878 0.009792
39.845446 116.366498 0.005362
39.983394 116.419900 0.004103
39.889846 116.656407 0.002768
40.049829 116.585929 0.009385
39.971033 116.500084 0.007394
39.949620 116.308530 0.005196
39.899871 116.216573 0.007523
40.011760 116.278100 0.007990
40.067296 116.547387 0.002033
39.869392 116.368522 0.006982
39.858606 116.450653 0.002429
39.888602 116.668861 0.001716
39.756832 116.146997 0.007474
39.823074 116.335665 0.008121
39.917153 116.165269 0.008813
39.898486 116.346711 0.004510
39.980116 116.288535 0.009466
40.116160 116.409970 0.004845
39.952020 116.098812 0.004589
39.796114 116.378046 0.004529
39.906197 116.662165 0.007535
39.972272 116.630273 0.012917
39.747716 116.159455 0.008342
39.869671 116.303560 0.003718
39.907804 116.256151 0.005536
39.747716 116.159455 0.007922
39.884335 116.477050 0.004000
39.754529 116.391985 0.003681
39.943704 116.395710 0.001888
39.897098 116.487423 0.004092
39.897751 116.440177 0.006619
40.169095 116.503105 0.005246
39.941150 116.551843 0.008436
39.957875 116.286720 0.002128
39.887940 116.347432 0.003320
39.986678 116.497743 0.003228
39.962093 116.404975 0.005492
39.914409 116.283766 0.005380
39.788251 116.490903 0.008166
39.950168 116.455526 0.006699
40.046303 116.602283 0.009737
39.911870 116.444500 0.003765
39.900022 116.278565 0.005420
39.783759 116.467913 0.003469
39.984822 116.410397 0.003694
40.139672 116.140357 0.006115
39.864390 116.422090 0.006950
39.740094 116.376589 0.007497
39.879851 116.421415 0.008447
39.837792 116.364642 0.007690
39.850563 116.423859 0.006255
40.166243 116.249927 0.002953
39.936753 116.309594 0.001615
39.944008 116.542830 0.006090
39.780655 116.401687 0.008656
39.889695 116.258881 0.003263
39.849755 116.340699 0.009749
39.957374 116.425085 0.005252
39.884191 116.389625 0.004255
39.820275 116.556673 0.009812
39.741419 116.148885 0.009104
39.982008 116.340488 0.003873
39.726199 116.159825 0.003476
40.178704 116.418560 0.006690
39.935565 116.411891 0.002104
39.753558 116.333959 0.008601
39.897742 116.384014 0.008582
40.118416 116.445012 0.003349
39.960393 116.287358 0.007849
40.075026 116.159432 0.009206
39.889249 116.293003 0.008751
39.808843 116.159685 0.008945
39.852392 116.702287 0.004659
39.708778 116.331616 0.007019
39.942199 116.099761 0.006274
40.125800 116.657264 0.004630
39.978403 116.315204 0.002120
39.876276 116.445459 0.007174
39.999339 116.501774 0.002048
39.754653 116.556335 0.004459
40.020679 116.415097 0.005496
39.886085 116.487862 0.009484
40.035951 116.243093 0.005606
40.050701 116.235084 0.008055
39.957067 116.320202 0.004490
40.001456 116.495284 0.007889
39.882461 116.090921 0.029568
39.750982 116.328311 0.002950
39.900022 116.273399 0.001074
39.926401 116.219893 0.009568
39.928839 116.310104 0.003381
40.027909 116.414473 0.005584
39.860873 116.265268 0.005473
39.916628 116.374160 0.003088
39.914767 116.391698 0.004943
39.914660 116.176631 0.005779
39.892016 116.294542 0.005687
39.880740 116.439780 0.005110
39.887746 116.418671 0.001716
39.827491 116.317170 0.006631
39.835323 116.209330 0.006585
39.919502 116.443951 0.006134
39.981200 116.334728 0.004609
39.761466 116.316763 0.005998
39.958933 116.291636 0.001425
39.870111 116.272686 0.004757
39.753487 116.557123 0.005327
39.854507 116.282762 0.007289
39.999397 116.399204 0.004181
40.132327 116.624746 0.002717
39.858565 116.436938 0.006239
40.067021 116.547708 0.007786
39.850323 116.340882 0.008697
39.933893 116.481061 0.001598
40.068840 116.238600 0.006361
39.974765 116.489560 0.004763
39.811864 116.551395 0.008794
39.928037 116.446716 0.005646
39.811750 116.343130 0.009310
39.886376 116.392170 0.002794
39.915429 116.572655 0.002260
39.985298 116.286563 0.005046
39.934418 116.331071 0.004954
40.033557 116.287235 0.007196
39.909682 116.550870 0.003747
40.025355 116.417707 0.006683
39.908968 116.454901 0.001060
39.970850 116.278623 0.009023
39.890882 116.294546 0.005319
40.062169 116.383049 0.006007
39.972006 116.407007 0.004367
39.740334 116.162734 0.004685
39.869086 116.325426 0.004812
39.879826 116.587171 0.015431
39.932641 116.154612 0.005583
39.917010 116.535321 0.007405
40.048537 116.591330 0.005992
39.911060 116.403050 0.003445
39.958002 116.375394 0.002221
39.894670 116.460673 0.005749
39.913741 116.550799 0.003846
39.877976 116.363005 0.002772
39.933538 116.311384 0.002092
39.881136 116.513697 0.005843
39.928979 116.310855 0.002474
39.805155 116.585397 0.003263
39.971898 116.505035 0.009605
40.080474 116.337904 0.006327
39.881066 116.358194 0.002241
39.904856 116.324883 0.002910
39.953412 116.321564 0.003519
40.031827 116.366018 0.008353
39.923988 116.331399 0.006599
39.942606 116.411497 0.004979
40.123119 116.273863 0.006077
39.935657 116.503030 0.005020
39.923024 116.354535 0.002194
39.893168 116.254287 0.002749
39.929910 116.463779 0.006938
39.917690 116.344550 0.008350
39.837343 116.284065 0.001974
39.870255 116.531044 0.002378
39.962779 116.388702 0.007263
40.032470 116.422772 0.004359
39.872456 116.260584 0.008334
39.992043 116.401624 0.001893
39.945506 116.405780 0.002449
39.881089 116.363467 0.001588
40.089609 116.250085 0.001356
39.944607 116.340834 0.003973
39.937314 116.447083 0.001833
39.952576 116.224813 0.007951
39.857631 116.313201 0.002372
39.900056 116.277564 0.003476
39.897416 116.322509 0.001092
39.845533 116.444046 0.004819
39.884129 116.302397 0.002228
39.914812 116.550065 0.008823
39.881415 116.450718 0.002993
39.893636 116.653383 0.008497
40.078362 116.164637 0.007184
39.887401 116.393072 0.001622
39.917205 116.532704 0.007724
39.824051 116.349830 0.004318
39.811370 116.306184 0.003652
39.865741 116.328747 0.004608
39.944377 116.105300 0.004053
39.837519 116.400635 0.001887
39.881466 116.717010 0.006663
39.841201 116.209425 0.006096
40.014719 116.317867 0.004039
39.862601 116.398240 0.003287
39.913620 116.454220 0.005969
39.976644 116.419860 0.006582
39.944881 116.435586 0.001458
39.867224 116.445328 0.006130
39.737839 116.148859 0.009575
39.879984 116.387280 0.001476
39.901450 116.380329 0.003843
39.896153 116.521288 0.004923
39.942495 116.430901 0.003650
39.908072 116.192086 0.004031
40.007562 116.514337 0.008542
40.085260 116.337972 0.005835
39.868113 116.473700 0.008756
39.853834 116.387201 0.005292
39.908613 116.199950 0.008548
39.903111 116.352776 0.005610
39.719206 116.271737 0.007595
39.938717 116.315199 0.003996
40.095278 116.294071 0.006246
39.917503 116.426356 0.005809
39.888997 116.244434 0.009108
40.017399 116.463161 0.004623
39.904187 116.379223 0.003812
39.840048 116.204139 0.004484
39.891577 116.253448 0.007698
39.875442 116.439440 0.004322
39.861892 116.303564 0.002120
39.907397 116.429891 0.003863
39.717951 116.134664 0.007298
39.923339 116.426176 0.005263
39.881940 116.453371 0.001850
39.933068 116.396625 0.003308
40.015857 116.318302 0.005564
39.875316 116.504859 0.007364
39.992485 116.201601 0.004438
39.968073 116.342033 0.007569
39.917295 116.283854 0.009868
39.736518 116.352356 0.005048
39.975956 116.307074 0.006585
39.856677 116.518206 0.007456
39.969072 116.556407 0.005902
39.856820 116.265935 0.009688
40.023856 116.293452 0.002369
39.888525 116.659043 0.005919
40.002802 116.401925 0.002313
39.842075 116.417000 0.004083
39.903111 116.352776 0.003166
39.908980 116.432950 0.004416
39.909381 116.376484 0.003622
39.961012 116.451532 0.003157
39.970681 116.500021 0.007403
39.979393 116.314069 0.008263
39.857213 116.447126 0.006405
39.852194 116.230531 0.002757
39.875755 116.373929 0.006713
39.989321 116.343133 0.005991
39.930068 116.418022 0.003127
39.909701 116.478307 0.002216
39.895886 116.687322 0.007297
39.770103 116.270233 0.003963
40.032470 116.414998 0.002906
40.054580 116.529090 0.010415
40.074157 116.324368 0.002196
40.134805 116.434501 0.004961
39.939261 116.317130 0.005985
39.934365 116.403257 0.002614
39.943453 116.428625 0.002631
40.114433 116.649585 0.001975
39.957738 116.369100 0.003341
39.863435 116.480743 0.003804
39.922473 116.380595 0.006977
39.884862 116.323757 0.006452
40.129821 116.653929 0.009512
40.002599 116.388643 0.007720
39.926704 116.495837 0.007861
40.014719 116.317867 0.004011
40.037191 116.268864 0.003628
39.915041 116.459038 0.006126
39.939899 116.427237 0.003689
39.832794 116.389496 0.003930
39.857561 116.414460 0.006462
39.720518 116.347681 0.003328
39.996258 116.457943 0.002066
40.028671 116.311192 0.003589
39.926703 116.453128 0.003225
40.046102 116.586875 0.003627
40.153365 116.307553 0.008998
39.963776 116.351231 0.008118
39.938693 116.453359 0.006305
39.974403 116.347457 0.005098
39.974450 116.215391 0.007451
39.901032 116.260113 0.005488
39.915242 116.421449 0.003269
39.789052 116.500413 0.005033
39.809201 116.158903 0.002990
39.951905 116.334929 0.001838
40.032194 116.365437 0.005360
39.979905 116.420862 0.006463
39.892175 116.294607 0.006321
40.056972 116.576866 0.007537
39.878486 116.356222 0.004836
39.914830 116.273400 0.009374
39.809267 116.506286 0.006700
39.770186 116.258044 0.009517
40.001553 116.427221 0.006605
39.923180 116.441431 0.005524
39.839910 116.380771 0.004845
39.935187 116.372637 0.003441
40.082429 116.596825 0.005500
39.817112 116.414351 0.006182
39.989000 116.479869 0.009693
40.076926 116.429253 0.007366
39.866804 116.298920 0.006560
39.934044 116.462666 0.003569
39.965702 116.502788 0.003433
39.832936 116.198501 0.008253
39.873724 116.507819 0.002894
39.894539 116.342762 0.004358
39.862092 116.505581 0.005608
39.927597 116.142731 0.013633
40.058995 116.382117 0.002367
39.805889 116.456414 0.008199
39.881738 116.353624 0.003510
39.904189 116.237258 0.004945
39.917596 116.253496 0.006881
39.907820 116.677219 0.006565
39.822332 116.669253 0.013597
40.010813 116.351163 0.002297
39.844824 116.427612 0.004610
39.924415 116.188362 0.005279
39.933518 116.475904 0.005857
39.959951 116.121143 0.004174
40.113021 116.658164 0.002935
39.849100 116.511228 0.005089
39.834501 116.525975 0.011469
39.964016 116.449189 0.002230
39.904540 116.229324 0.002184
39.958313 116.448084 0.002690
39.801680 116.479399 0.009408
39.968598 116.303290 0.002793
39.725972 116.135902 0.008524
39.865562 116.402413 0.003193
39.872181 116.278955 0.008949
39.800735 116.482650 0.003163
39.929614 116.452918 0.003709
39.868395 116.464255 0.006969
39.907490 116.475715 0.006961
39.827955 116.467891 0.005403
39.929349 116.246996 0.006708
39.971608 116.411382 0.005907
39.946247 116.468981 0.007324
39.891145 116.357005 0.002666
39.835756 116.458968 0.008371
39.967871 116.418506 0.002587
39.940652 116.522591 0.009877
39.933150 116.222815 0.005860
39.962884 116.557177 0.001734
39.873014 116.406649 0.005938
39.860612 116.451952 0.002376
39.801116 116.377327 0.007868
39.856865 116.420855 0.005749
40.100700 116.214077 0.007615
39.939441 116.328604 0.003246
39.722618 116.287071 0.003929
39.958176 116.506794 0.008136
39.723367 116.378094 0.006514
39.939226 116.395244 0.004298
39.781889 116.374006 0.007103
39.987892 116.632641 0.001575
39.899443 116.273461 0.006299
40.084686 116.328066 0.006770
39.863962 116.252050 0.004867
39.787012 116.417998 0.008995
39.904545 116.454139 0.001793
39.917727 116.426218 0.006186
39.953192 116.098102 0.003415
39.801368 116.416628 0.008427
39.915693 116.302094 0.004315
39.883273 116.362382 0.001725
39.847026 116.326075 0.002140
39.876289 116.650149 0.007847
39.907205 116.260581 0.003520
39.972778 116.281783 0.001970
39.857588 116.446649 0.008487
40.019703 116.284273 0.002060
39.802561 116.556467 0.005453
39.748610 116.136304 0.001704
39.945839 116.094172 0.007786
40.170801 116.407308 0.006743
39.887953 116.339258 0.002486
39.865365 116.389470 0.002877
39.811584 116.377025 0.004520
40.063239 116.417519 0.007524
39.877983 116.488399 0.003177
39.885502 116.398319 0.005242
39.931179 116.498969 0.002845
39.713620 116.347365 0.006050
39.745046 116.339556 0.007274
39.958177 116.288516 0.008493
39.884613 116.313535 0.003643
39.786125 116.410632 0.009171
39.959964 116.301442 0.007345
39.964080 116.429290 0.005225
39.798921 116.510029 0.004240
39.878698 116.380582 0.004065
39.888189 116.687161 0.005690
39.737581 116.342239 0.001689
39.986433 116.332810 0.004228
39.863398 116.481473 0.002439
39.875794 116.369745 0.002442
39.836605 116.199046 0.008782
40.047795 116.595066 0.002949
39.863635 116.531448 0.006729
39.861290 116.513189 0.002834
39.979092 116.521493 0.001723
40.005536 116.328303 0.007550
39.756613 116.550025 0.009169
39.900623 116.212843 0.004327
39.971734 116.496672 0.007840
39.804631 116.377225 0.007804
39.926568 116.207869 0.005363
39.981499 116.313208 0.006203
39.992760 116.402454 0.007038
40.073292 116.324663 0.002456
39.877976 116.363005 0.003179
39.803858 116.451032 0.008705
39.951427 116.471264 0.005892
39.713620 116.347365 0.006302
39.938900 116.334699 0.004310
39.907062 116.191819 0.003316
39.904794 116.434568 0.004736
39.916142 116.566292 0.003852
40.127278 116.646440 0.009384
39.972758 116.406449 0.001317
39.897379 116.435850 0.002044
39.802188 116.512339 0.004373
39.960940 116.379991 0.006389
39.848778 116.510481 0.004702
39.977257 116.415671 0.001395
40.148171 116.423817 0.015631
40.007214 116.287402 0.006675
40.075665 116.371092 0.002531
39.721183 116.083319 0.033873
39.813121 116.417560 0.008089
39.846501 116.274555 0.006369
39.931424 116.300226 0.004213
39.715985 116.345745 0.009805
40.015026 116.317660 0.002773
40.134655 116.644071 0.005628
39.860759 116.370973 0.001780
39.807194 116.582443 0.008465
40.113889 116.651465 0.006574
39.842808 116.388341 0.003414
39.929437 116.260197 0.001760
39.938194 116.329096 0.005574
40.105213 116.539101 0.007644
39.906690 116.283827 0.006151
40.176145 116.464138 0.008185
39.860515 116.149847 0.014330
40.155355 116.446747 0.024315
39.891541 116.308609 0.003859
40.037648 116.349796 0.008554
39.862773 116.454848 0.004257
39.865897 116.422667 0.002507
39.849789 116.383622 0.009079
39.976076 116.331559 0.004444
39.906026 116.625203 0.009952
39.838467 116.284557 0.005648
39.760501 116.557183 0.008001
39.815255 116.429331 0.004827
39.833480 116.287219 0.008391
39.951870 116.280032 0.003600
39.928889 116.261271 0.007455
39.752191 116.290931 0.002605
40.174485 116.491717 0.008129
39.928450 116.517176 0.006856
40.008838 116.417164 0.008431
39.888239 116.404535 0.001559
40.111395 116.299252 0.007257
39.939181 116.410055 0.001761
39.989898 116.405556 0.006088
39.964821 116.306539 0.003079
39.931717 116.435797 0.004346
40.011780 116.461312 0.006532
39.870155 116.388420 0.002458
39.850204 116.232782 0.007892
39.927505 116.333607 0.007330
39.848603 116.480803 0.006546
40.151121 116.299267 0.003784
39.868548 116.325390 0.003850
40.117664 116.647683 0.009691
39.948041 116.598721 0.007317
39.858604 116.422362 0.006133
39.915491 116.553278 0.007657
39.889073 116.311459 0.003092
39.841186 116.703605 0.003642
39.784604 116.398795 0.008583
39.906569 116.644145 0.006935
39.928748 116.252753 0.008692
39.868876 116.406597 0.004603
39.856387 116.382424 0.004451
39.929614 116.452918 0.003928
39.907483 116.442259 0.005255
39.893060 116.365508 0.002866
39.824753 116.509345 0.006498
39.803780 116.155691 0.005475
40.031665 116.272840 0.009533
39.961110 116.279152 0.005385
39.869122 116.436494 0.001506
39.813213 116.290523 0.004316
39.722834 116.285219 0.002017
39.854884 116.321412 0.003954
39.974380 116.346934 0.004985
39.881716 116.336616 0.005900
39.899527 116.216666 0.009048
39.884832 116.452202 0.003643
39.973275 116.232987 0.008879
39.993947 116.316274 0.006880
39.803925 116.394516 0.005732
40.078555 116.527527 0.008194
39.977688 116.521836 0.008107
39.888613 116.518954 0.007770
40.100078 116.373821 0.004616
39.859323 116.491143 0.009416
39.906780 116.335913 0.009721
39.790893 116.499589 0.006599
39.977122 116.517324 0.002695
40.021101 116.523859 0.005292
39.909110 116.449714 0.003595
39.926391 116.447455 0.006324
39.871818 116.385515 0.006090
40.030630 116.356730 0.004483
39.882372 116.528476 0.002828
39.778611 116.220883 0.002756
40.057586 116.251012 0.007597
39.966947 116.349419 0.007384
40.108599 116.214047 0.007560
39.940759 116.379278 0.005129
39.914203 116.189162 0.006587
39.912741 116.366444 0.006186
40.108599 116.214047 0.005826
39.904562 116.454635 0.002455
39.992792 116.194885 0.003979
39.893031 116.478865 0.002730
39.838087 116.457266 0.007975
39.947050 116.248517 0.007069
39.960718 116.374997 0.002267
39.862314 116.589961 0.010430
40.095305 116.497870 0.013879
39.907639 116.676193 0.001914
40.123934 116.523069 0.018911
39.930001 116.344312 0.006397
39.873114 116.469648 0.003298
39.951709 116.393391 0.007297
39.963084 116.500533 0.007549
39.871857 116.478287 0.007370
39.845513 116.363760 0.003653
39.980851 116.331232 0.005404
39.715241 116.346460 0.008394
39.988847 116.446381 0.003040
39.986708 116.436586 0.007313
39.957268 116.423736 0.008073
39.925566 116.359027 0.001770
39.863342 116.308560 0.005240
39.851632 116.313772 0.005392
39.954406 116.408494 0.008685
39.775719 116.334690 0.001374
39.979489 116.471979 0.004534
39.920869 116.390938 0.009658
39.754383 116.329368 0.002580
39.919062 116.346669 0.006654
40.067077 116.429498 0.003768
39.864529 116.445421 0.001218
40.114449 116.649494 0.004845
39.989645 116.430547 0.009252
39.936327 116.115141 0.007238
40.045491 116.601671 0.004660
39.946083 116.416770 0.002005
40.028612 116.424781 0.007837
39.933684 116.297020 0.009284
39.899976 116.212813 0.001010
40.047251 116.589277 0.005247
39.876426 116.454402 0.004134
39.982418 116.593396 0.022189
39.810521 116.163844 0.006324
39.883094 116.317625 0.004036
39.973555 116.512689 0.004413
39.983275 116.489428 0.007844
39.861951 116.418555 0.004227
40.019129 116.283767 0.002481
39.993193 116.338706 0.005218
40.059259 116.382579 0.006961
39.860409 116.421440 0.005005
39.923459 116.365092 0.003565
39.967258 116.361152 0.006196
39.925027 116.639267 0.008455
39.969214 116.399104 0.005011
39.714382 116.334018 0.002405
39.743681 116.321575 0.006198
39.889720 116.254881 0.005094
39.844136 116.364532 0.009638
39.755552 116.556702 0.005008
40.109921 116.527867 0.005868
39.800121 116.492479 0.007777
39.988118 116.506449 0.006997
39.859990 116.436774 0.001804
39.930164 116.467215 0.001792
39.930469 116.191580 0.008245
39.858061 116.304593 0.004810
39.905940 116.453071 0.002995
39.873402 116.400128 0.004794
39.878130 116.368680 0.005743
39.994623 116.455295 0.004576
40.176147 116.463183 0.007485
39.848036 116.635177 0.004702
39.851234 116.197022 0.008784
39.947984 116.380252 0.006067
39.972027 116.403002 0.007038
39.904067 116.267171 0.007459
39.909965 116.656437 0.006353
39.897048 116.460039 0.006396
39.822636 116.550903 0.009293
40.108681 116.280733 0.001790
39.921148 116.207290 0.006969
39.847750 116.326601 0.002261
39.869356 116.347379 0.009638
39.912215 116.494459 0.002972
39.842688 116.509409 0.009666
39.981662 116.359629 0.006357
39.828651 116.505299 0.008716
39.982839 116.390224 0.007425
39.995625 116.345485 0.005260
40.061747 116.267978 0.014054
39.999326 116.403290 0.007472
40.039041 116.207603 0.003474
40.062720 116.417661 0.005519
39.878323 116.485807 0.007245
40.080793 116.588648 0.005673
39.968608 116.306901 0.001306
39.845910 116.526931 0.003751
39.847764 116.285446 0.006787
39.781727 116.449565 0.009479
39.953587 116.445636 0.006439
39.777564 116.434261 0.004036
39.804288 116.431349 0.005927
40.122219 116.212481 0.004352
40.062808 116.248677 0.009937
39.895027 116.352911 0.002516
39.969431 116.413110 0.004865
39.801217 116.422044 0.002239
39.857457 116.392475 0.005453
39.947731 116.244001 0.008259
39.900846 116.259768 0.005312
39.907938 116.358558 0.001183
40.031665 116.272840 0.005067
39.896701 116.418610 0.003452
39.865955 116.424193 0.002366
39.961602 116.322284 0.006332
39.872568 116.366069 0.006309
39.848603 116.480803 0.007477
39.726079 116.119467 0.001751
39.913339 116.471493 0.006470
39.901064 116.224601 0.004169
40.062705 116.238814 0.005751
39.909030 116.217060 0.008149
39.962086 116.338393 0.003317
39.981716 116.361864 0.007621
39.924470 116.404500 0.002592
