39.980453 116.359427
39.822971 116.237212
39.871290 116.460402
40.042717 116.359651
39.868740 116.680930
39.790259 116.181678
40.089909 116.591515
40.044757 116.253367
39.761346 116.301918
40.148496 116.628686
39.803675 116.604096
40.020350 116.521180
40.067580 116.104445
40.013745 116.704502
39.924945 116.385272
39.828563 116.652604
40.005887 116.277733
40.122393 116.701344
39.859476 116.467630
39.915976 116.263449
39.822827 116.307057
39.724145 116.128950
40.112471 116.179319
39.805993 116.341825
40.042942 116.399742
40.047467 116.508994
39.856606 116.158797
39.736117 116.703121
40.038927 116.299334
39.822452 116.637162
40.109942 116.552323
40.104975 116.383929
39.876995 116.126150
39.689453 116.088413
39.889994 116.425678
40.141893 116.530495
39.857503 116.284646
39.801504 116.578679
39.917775 116.285930
40.123027 116.609207
40.104428 116.295313
39.782449 116.656149
40.096439 116.534374
39.951951 116.565654
39.893461 116.156957
39.798622 116.538785
39.906712 116.357176
40.059595 116.385000
39.979993 116.673934
39.726861 116.157290
39.795839 116.194099
39.902578 116.102230
39.846299 116.082875
40.002026 116.478511
40.154961 116.479782
39.725172 116.087936
40.122231 116.654333
39.892435 116.371320
39.950530 116.623111
39.840156 116.401239
39.718852 116.239762
39.701068 116.389901
39.745348 116.289767
39.940569 116.612290
40.037487 116.267180
39.889595 116.201946
40.054944 116.505060
39.858340 116.204419
39.816099 116.123300
39.911547 116.280023
39.721166 116.266940
39.886619 116.563127
39.728609 116.672191
39.852318 116.091936
40.000820 116.571068
40.101888 116.639079
40.033679 116.236259
39.817219 116.644608
40.049785 116.072524
39.825528 116.105482
40.162019 116.357145
40.007272 116.452530
39.706550 116.664189
40.138899 116.557785
39.693762 116.194507
39.919588 116.361507
40.124939 116.602534
40.107989 116.456776
39.948290 116.094836
39.709935 116.460835
39.724695 116.363605
39.890305 116.516199
40.057312 116.426019
39.833704 116.223385
39.984756 116.337141
39.933371 116.457327
39.922605 116.525607
39.807233 116.659370
39.965385 116.632538
39.801723 116.541843
40.143761 116.620009
39.991962 116.267072
40.074907 116.380585
39.832101 116.439436
39.856870 116.597063
39.820010 116.267716
40.087744 116.543750
39.686270 116.167202
39.876033 116.462687
39.801334 116.133678
39.978110 116.332983
39.790893 116.392345
39.740940 116.118565
39.768130 116.366031
39.926447 116.542323
40.179496 116.076877
40.064350 116.619529
40.091606 116.266955
39.786865 116.696689
39.823523 116.182542
39.893851 116.374397
39.912697 116.566917
39.918801 116.126346
39.772115 116.564352
40.041110 116.533047
40.062604 116.129078
39.723456 116.380650
39.878686 116.437929
39.729297 116.217951
39.738986 116.541591
39.715594 116.526824
40.148042 116.638262
39.974948 116.348525
39.733472 116.224962
39.798271 116.383253
39.722350 116.646527
40.037878 116.544286
39.713538 116.447685
40.177740 116.474959
40.015627 116.085526
40.025953 116.709249
39.801090 116.341152
39.693783 116.504745
39.851868 116.335016
39.806607 116.409007
39.957527 116.085202
40.141996 116.325188
40.013926 116.238726
39.967347 116.695457
39.749414 116.703220
39.749484 116.196498
40.142906 116.639492
40.012610 116.203934
39.721066 116.223976
39.969792 116.678586
40.135557 116.430430
40.176612 116.625749
39.989908 116.373807
40.001478 116.716521
39.816303 116.429198
40.171235 116.488810
40.109016 116.276521
39.885045 116.394689
39.912978 116.078264
40.080301 116.376376
39.861046 116.489286
40.082992 116.116479
40.156498 116.173051
40.170102 116.317957
39.929923 116.674224
40.148506 116.101827
40.018437 116.330378
39.984558 116.351649
39.751055 116.192332
39.922944 116.592490
39.745259 116.572862
39.842900 116.145566
40.061700 116.449839
39.706796 116.466338
39.908700 116.530503
40.049576 116.191383
39.821094 116.620248
40.081187 116.146551
39.702095 116.280784
39.762504 116.149329
40.052255 116.343155
39.744269 116.631873
39.686544 116.080473
39.707528 116.483648
40.023007 116.521339
39.956344 116.191655
40.131961 116.297004
39.805285 116.640500
40.096002 116.539470
40.082311 116.134600
40.085994 116.387911
40.062576 116.243311
39.807192 116.657338
39.895213 116.625727
39.812535 116.339292
39.869841 116.160056
39.959876 116.507988
39.681267 116.652329
40.055972 116.685343
39.732405 116.259637
39.792246 116.622324
40.013930 116.526815
39.761730 116.666681
39.901958 116.538674
39.721813 116.408321
39.741284 116.172328
39.967774 116.306045
39.864334 116.412386
39.731307 116.264197
39.988794 116.111799
39.912324 116.415840
40.115348 116.274195
40.157042 116.594725
39.694068 116.430718
39.958589 116.669537
39.790770 116.562042
39.734674 116.685125
39.712488 116.328925
39.824299 116.273753
39.751130 116.234444
39.974032 116.427661
39.963797 116.167708
40.039478 116.714473
40.080413 116.235441
40.175887 116.130687
40.042111 116.669011
40.012345 116.143257
40.030363 116.578083
40.116787 116.482105
39.691927 116.377445
39.799089 116.646366
39.978990 116.146429
40.014066 116.631979
39.833151 116.199391
39.705682 116.451010
39.743204 116.520522
39.942187 116.363083
39.947252 116.560305
39.838823 116.489676
40.049119 116.461480
40.170478 116.568104
40.077849 116.169324
39.728386 116.532599
39.929146 116.567973
39.817093 116.697164
39.906008 116.269386
39.891962 116.446402
39.687416 116.278182
40.044166 116.268217
39.794600 116.529780
39.864390 116.169800
39.824108 116.143830
39.843614 116.348415
39.843338 116.080369
40.046830 116.410702
39.776035 116.691195
40.168964 116.483886
39.845283 116.371905
39.948852 116.321875
39.738429 116.585353
39.849061 116.599286
39.761901 116.374322
39.756223 116.660120
40.122194 116.089644
39.974226 116.380589
39.961673 116.696193
40.117535 116.477389
40.014708 116.334465
39.895902 116.627611
39.689194 116.386439
39.852361 116.384841
40.049212 116.132237
39.829412 116.100076
40.128048 116.132676
39.912941 116.272794
39.964553 116.515124
39.849558 116.156379
39.983232 116.223789
39.789598 116.249667
40.173790 116.242711
40.035184 116.504337
39.970335 116.399409
40.143550 116.484130
39.749796 116.523382
39.816200 116.230254
39.827915 116.222397
40.077020 116.255679
39.879324 116.468143
40.078548 116.679172
39.703850 116.587039
40.126299 116.241579
40.145167 116.456660
39.757576 116.400270
39.780685 116.157714
39.900233 116.494238
39.908250 116.471948
39.946918 116.666921
39.932612 116.443225
40.164437 116.651292
40.064122 116.618187
39.796459 116.254314
39.915846 116.518545
39.944699 116.263775
39.779001 116.544648
40.130349 116.461059
40.072311 116.206425
39.726251 116.637552
39.954979 116.442053
39.879979 116.510705
39.884826 116.307923
39.686609 116.291515
40.151847 116.534996
39.971735 116.374275
40.162726 116.508891
39.765303 116.535081
39.895379 116.614328
40.108128 116.511131
40.069983 116.086056
40.033686 116.474505
40.082790 116.631145
39.970161 116.418191
39.913559 116.692456
39.700930 116.245451
39.838262 116.177538
39.846538 116.551922
39.877778 116.604099
39.773349 116.377649
40.177914 116.607264
40.024763 116.493361
39.801251 116.310769
39.816261 116.506818
39.841109 116.517803
39.743602 116.094463
39.893243 116.382843
39.936668 116.315801
40.052871 116.140524
39.926281 116.232530
40.080154 116.650004
39.804701 116.299640
39.789155 116.224028
39.941328 116.480155
39.693531 116.186856
39.857185 116.640251
39.818966 116.310683
39.849852 116.473314
40.046617 116.344339
39.867809 116.201397
39.974153 116.685934
39.743100 116.405576
39.750293 116.122410
39.954217 116.706437
39.828952 116.394739
39.734194 116.629857
39.996751 116.649220
39.942830 116.595327
40.153366 116.447986
39.866345 116.480159
39.952869 116.421557
40.031603 116.585850
39.713264 116.505863
39.996590 116.714666
40.125024 116.511777
39.860849 116.227068
39.958085 116.636786
39.832639 116.672512
39.939012 116.481003
40.135572 116.581174
40.016050 116.706271
39.763770 116.167188
39.964010 116.531269
40.012571 116.234182
40.003785 116.113361
40.037147 116.074722
40.114284 116.497512
39.893206 116.101028
39.808731 116.256557
40.054736 116.367897
39.710261 116.496851
40.050775 116.483959
40.156158 116.606266
39.987035 116.605858
39.831235 116.139677
40.088369 116.239753
40.113334 116.672338
39.836380 116.616318
39.690415 116.398100
39.825389 116.200459
39.854290 116.686329
40.160691 116.336581
40.127989 116.581192
39.706244 116.486513
40.012704 116.221830
39.898038 116.348116
40.031318 116.167378
40.027614 116.186402
39.896303 116.618103
39.990468 116.201961
39.817466 116.155805
39.832403 116.401958
40.052564 116.382342
39.998858 116.491124
40.012524 116.569106
39.890040 116.228941
39.723752 116.250949
40.141822 116.111520
39.827485 116.301763
39.770382 116.158210
39.912710 116.258730
40.052189 116.488368
40.172695 116.559174
39.924607 116.286374
39.751165 116.135988
40.123635 116.502543
40.067070 116.102343
39.984522 116.352923
40.042610 116.560661
39.822011 116.287843
40.002599 116.523780
39.968443 116.280404
39.853944 116.592547
39.838982 116.683616
40.129953 116.266599
40.145578 116.254599
40.004781 116.123394
40.091681 116.250511
40.119480 116.299056
40.136699 116.322034
39.861829 116.696539
40.123044 116.419846
39.686176 116.092783
40.043065 116.327184
40.014020 116.113152
39.832803 116.411350
39.791945 116.463721
39.970701 116.553930
39.815763 116.463835
39.819792 116.707488
40.009856 116.387445
39.846227 116.220108
39.934417 116.120168
40.050837 116.548117
39.954134 116.166633
39.979895 116.481547
40.171641 116.132139
40.140857 116.166669
39.843842 116.326928
39.857649 116.540319
39.687316 116.201637
39.919210 116.194036
40.023338 116.382521
39.783334 116.137091
40.066758 116.355091
39.964043 116.518715
40.160743 116.490279
40.115296 116.464869
39.870830 116.086179
39.910509 116.543653
40.124077 116.470633
39.989980 116.450350
39.984425 116.690635
39.860435 116.310329
40.099237 116.695788
39.928354 116.186746
39.982280 116.568236
39.922856 116.699554
39.878572 116.120588
39.808970 116.383722
40.178143 116.093698
39.795967 116.470389
39.866563 116.218202
39.780108 116.424988
40.076182 116.246806
39.888993 116.232030
39.833790 116.451189
39.783360 116.100065
39.872558 116.336367
39.924001 116.666552
39.747778 116.479299
40.011914 116.655154
39.941950 116.379855
39.854571 116.162704
39.771985 116.404297
39.968288 116.116291
40.055582 116.274013
39.951699 116.390460
39.711301 116.363455
39.732672 116.380858
39.725477 116.649567
39.966586 116.111727
40.146194 116.257384
39.927817 116.291810
39.729172 116.319999
39.806282 116.468446
40.095536 116.565862
39.728121 116.297952
39.763458 116.520960
40.057217 116.346143
39.732343 116.675995
39.988542 116.202166
39.705582 116.192030
39.905206 116.548578
39.829458 116.680131
39.952179 116.392931
40.139922 116.415141
40.007669 116.274369
39.720256 116.146732
39.991651 116.658718
39.991009 116.685710
40.029514 116.128960
40.044131 116.219064
40.140773 116.610116
39.776520 116.244961
40.054151 116.449500
39.818767 116.567345
39.933789 116.179135
40.049180 116.201615
40.099918 116.304910
39.689256 116.142681
40.037398 116.528491
39.689324 116.479615
39.733083 116.113119
39.916000 116.688105
39.690236 116.126514
39.933869 116.329120
39.842289 116.635247
39.911792 116.263775
39.822775 116.438988
39.875095 116.370125
40.024373 116.689159
40.060890 116.427417
39.934500 116.256318
40.170081 116.657419
39.689058 116.105388
39.881500 116.248242
39.968771 116.433126
39.953479 116.298366
40.051497 116.278678
40.053680 116.582347
39.730719 116.597972
39.790093 116.630478
40.056368 116.169126
39.727547 116.619702
39.701643 116.387668
39.847918 116.572530
39.987091 116.627738
40.141305 116.680975
40.112094 116.477832
40.073804 116.111967
39.884602 116.681134
39.837156 116.405406
40.012605 116.349201
39.822675 116.187137
39.707120 116.170425
39.904158 116.335996
40.131392 116.384826
40.176148 116.313844
40.142877 116.546059
40.106550 116.125636
39.920701 116.600012
39.706801 116.373831
39.877069 116.104578
39.909034 116.600423
40.015570 116.135254
39.754648 116.167903
40.005259 116.088594
40.069182 116.328212
40.162944 116.718417
39.905888 116.599233
39.978112 116.685008
40.080487 116.269901
39.848542 116.285539
39.759884 116.655627
39.852976 116.385952
39.972131 116.660176
40.134949 116.416876
40.006762 116.590716
39.926890 116.567699
40.144460 116.605482
39.881485 116.495424
40.163522 116.278771
40.121383 116.291950
39.838741 116.451122
39.795971 116.660915
40.099188 116.117013
39.729124 116.678183
40.114475 116.477225
39.828091 116.358852
39.912175 116.608056
39.778070 116.390494
39.701013 116.272798
39.890915 116.440565
39.798380 116.086617
39.735419 116.537434
39.940573 116.561705
39.946822 116.352408
39.864096 116.646667
39.826089 116.513863
39.755822 116.284962
40.105149 116.450029
40.148471 116.182741
39.905772 116.461015
39.751976 116.147697
39.943460 116.716507
40.146819 116.508042
40.110416 116.290935
39.774166 116.685300
40.109654 116.344002
39.798914 116.106213
39.906816 116.298086
39.751229 116.471465
40.174422 116.276288
39.906491 116.201124
39.894766 116.086687
40.151716 116.394809
40.143486 116.481570
39.850159 116.187326
39.960662 116.656169
39.853850 116.549947
39.819364 116.661659
39.844325 116.167469
40.045627 116.634495
40.039445 116.669984
39.703422 116.442740
39.720976 116.710341
39.924624 116.413805
39.835070 116.604460
40.075984 116.602219
39.919131 116.186318
39.742161 116.427322
40.065922 116.102544
39.937309 116.462238
40.138628 116.417702
40.126299 116.232102
39.847707 116.189191
39.864327 116.204627
40.006658 116.136783
39.786759 116.640109
39.937016 116.179432
39.774510 116.186284
39.809063 116.310644
40.149159 116.391198
39.899379 116.130344
39.805125 116.132205
39.741878 116.497149
39.945103 116.574643
39.750380 116.315218
40.121400 116.644489
39.830282 116.460541
39.779388 116.591275
40.001476 116.579892
40.023863 116.091169
39.969552 116.406546
39.779932 116.491718
40.063480 116.637606
39.795571 116.490336
39.739784 116.657494
39.864221 116.314489
39.965805 116.146097
39.891596 116.278633
39.814290 116.441526
40.064528 116.453992
40.096853 116.616025
40.164461 116.402112
40.039917 116.481329
39.784422 116.515373
39.999690 116.321338
39.773311 116.382916
40.113337 116.634020
39.691673 116.096432
39.850365 116.482857
40.042174 116.301111
40.082455 116.326316
40.129431 116.681926
39.899512 116.269563
39.957388 116.525329
39.819295 116.559016
39.928928 116.235448
40.064898 116.390872
39.879770 116.288825
40.081048 116.457772
39.799564 116.173757
40.074569 116.217148
40.053093 116.329779
40.172067 116.082813
39.765897 116.147205
39.804392 116.279518
40.158759 116.379386
40.049926 116.579845
39.880786 116.706346
40.134712 116.624700
39.831315 116.166546
40.166346 116.660926
39.860777 116.718710
39.893183 116.102157
40.153426 116.476564
39.937958 116.639567
39.956309 116.456965
40.076198 116.269489
39.888641 116.072787
40.149257 116.382094
39.832677 116.376444
39.680637 116.679758
40.114151 116.441098
39.934767 116.203968
39.724820 116.490561
40.066759 116.360224
40.002565 116.295768
39.836742 116.655330
40.070785 116.076961
39.740593 116.558435
40.078143 116.126577
40.104095 116.660509
39.855499 116.576705
40.043276 116.281381
40.040781 116.574639
39.972549 116.622641
39.823451 116.490648
40.097021 116.178279
40.101229 116.637628
40.065156 116.258832
40.086305 116.650423
40.088496 116.541246
39.848547 116.514259
39.737463 116.166414
39.836171 116.402502
40.087889 116.095160
39.868499 116.713125
39.684114 116.226031
39.757303 116.290331
39.996684 116.652438
39.694976 116.588528
39.788017 116.478800
39.708819 116.373063
39.689267 116.268108
39.877749 116.474427
39.782986 116.514773
40.153683 116.178202
40.106349 116.344821
39.927478 116.262747
39.795208 116.382476
40.118381 116.370062
39.788884 116.628933
39.906632 116.105663
39.929116 116.661101
40.011608 116.346147
39.813104 116.593929
40.134099 116.101673
40.149599 116.403905
40.049931 116.310054
40.112699 116.497277
40.097794 116.430450
39.911707 116.149338
39.912931 116.105548
40.082931 116.592284
39.908845 116.096420
39.875255 116.420078
40.146528 116.227795
39.892058 116.093975
40.148617 116.581921
39.915357 116.196989
39.950667 116.169782
39.919293 116.250402
39.808375 116.670287
39.877597 116.429481
40.170864 116.710797
40.125754 116.359481
40.061399 116.349413
39.951313 116.592751
39.893045 116.600914
39.869949 116.549709
40.033003 116.391842
39.988705 116.283354
39.934957 116.260192
39.704329 116.335924
39.863444 116.635635
40.176967 116.394904
39.788967 116.457600
39.775726 116.579024
40.026534 116.223946
40.081211 116.116303
39.935824 116.559675
40.078209 116.440217
39.931994 116.451897
39.729557 116.217761
39.841492 116.559256
40.093736 116.668118
40.174281 116.518193
40.031249 116.690832
40.133310 116.418195
40.154927 116.343869
39.837406 116.153115
39.774402 116.493885
39.921098 116.627449
40.112086 116.365781
40.125353 116.125495
39.971080 116.291446
39.704894 116.699504
39.701741 116.457030
40.043556 116.633489
39.758539 116.429448
40.077466 116.654668
40.168517 116.274022
39.680959 116.253969
39.784521 116.565850
39.925466 116.594150
39.738797 116.559718
39.961458 116.477155
39.683498 116.098960
39.971664 116.463515
39.722292 116.256851
40.031520 116.245742
39.771668 116.339759
39.944777 116.441291
40.153027 116.430133
39.963661 116.526379
39.968116 116.683812
39.786422 116.227814
39.757119 116.309873
40.130702 116.702441
39.718952 116.450579
39.916826 116.189646
39.708894 116.494472
39.828193 116.515209
39.690269 116.707787
39.773964 116.404028
39.937050 116.391664
39.793177 116.251068
39.980565 116.436560
40.091470 116.219161
40.142904 116.334927
40.055016 116.613110
40.133565 116.561378
39.850172 116.608462
40.077442 116.360103
40.101790 116.209807
40.001307 116.152608
40.041641 116.486946
39.982099 116.617023
40.051822 116.268994
40.103854 116.148464
40.096989 116.515676
40.113441 116.168297
39.971362 116.591017
39.928346 116.488631
40.119431 116.140950
40.162763 116.117478
40.107831 116.349705
39.886893 116.074677
39.875645 116.448651
40.053615 116.456790
40.028622 116.417434
40.044310 116.428163
39.755545 116.158335
40.078567 116.278507
40.037721 116.395776
40.045421 116.286262
39.730489 116.425231
40.175219 116.529895
39.815848 116.109375
39.790155 116.697597
39.827244 116.268168
39.816361 116.334065
40.165000 116.224551
39.874990 116.185040
39.738544 116.688809
39.717315 116.471087
39.797037 116.692017
40.061460 116.538961
39.951813 116.319381
39.699003 116.536750
40.128142 116.477451
40.175441 116.658411
39.982469 116.559731
39.820343 116.297296
39.793455 116.559591
39.820156 116.406044
39.969030 116.602779
40.133915 116.658631
39.815371 116.071970
40.012651 116.439621
40.053527 116.103790
40.043668 116.335258
39.764629 116.719643
39.960190 116.613735
39.832997 116.101483
39.800741 116.586503
39.860478 116.261290
39.965845 116.508003
40.065920 116.385789
39.872528 116.148535
39.974656 116.592437
40.100606 116.433225
39.827946 116.113733
39.856889 116.434430
40.112731 116.307195
39.830774 116.177553
40.179342 116.279569
39.911957 116.076285
39.767285 116.350388
39.911102 116.386726
39.713371 116.488063
39.994795 116.200575
40.012607 116.494833
40.085790 116.168659
40.050701 116.448526
39.811730 116.182923
39.898219 116.354805
40.070655 116.395627
39.751900 116.687310
39.985954 116.216030
39.935637 116.449382
39.742793 116.199265
39.703066 116.186122
39.964482 116.471723
39.709637 116.106873
39.826949 116.432792
40.014084 116.284626
39.745252 116.679864
39.706831 116.156925
40.174790 116.424697
39.987321 116.536444
40.004781 116.419238
39.753776 116.553660
40.019327 116.430606
40.055181 116.192243
39.911796 116.542969
39.889600 116.438254
39.856932 116.174957
39.801372 116.536508
39.815817 116.449440
40.112505 116.712155
40.004134 116.542493
39.901499 116.256773
39.793272 116.581857
39.749971 116.485874
39.999862 116.380720
39.978909 116.664599
39.813389 116.434350
39.855673 116.687369
39.806453 116.700318
40.006942 116.647231
40.033058 116.288343
40.156820 116.410852
39.947287 116.125628
39.923481 116.092081
39.942802 116.282208
39.712522 116.652570
39.739067 116.609636
39.995319 116.586026
39.814051 116.454014
40.021394 116.085663
40.079261 116.685505
39.959579 116.578129
39.690435 116.424075
39.761727 116.258845
39.747651 116.328398
39.889014 116.078179
40.124609 116.325404
39.998645 116.126218
39.819482 116.314928
39.895641 116.379536
39.887966 116.171884
39.920160 116.399788
39.701194 116.508554
39.899055 116.454499
40.044867 116.300471
40.154693 116.687644
40.111736 116.212063
39.805792 116.562794
39.821537 116.330796
39.732687 116.397268
39.864423 116.234470
39.681311 116.418315
39.984355 116.527002
39.969671 116.129969
39.761671 116.561639
40.150277 116.110097
39.846379 116.536525
39.925800 116.463114
39.842762 116.103783
40.130118 116.300798
39.697377 116.121223
40.139240 116.107033
40.094915 116.128560
40.104988 116.428239
40.125463 116.637742
40.096225 116.301374
39.818427 116.194096
39.989030 116.652725
39.968552 116.683567
39.874405 116.536040
40.100330 116.603896
39.873739 116.264175
40.039053 116.698800
40.128690 116.271581
