39.972706 116.308863 39.979362 116.315519
39.932967 116.434425 39.940759 116.442217
39.853540 116.253966 39.861928 116.262354
39.931013 116.532432 39.941235 116.542654
39.777060 116.331716 39.792482 116.347138
39.858610 116.341861 39.873630 116.356881
40.134007 116.604683 40.141519 116.612195
39.798645 116.489188 39.803007 116.493550
39.855251 116.283206 39.861733 116.289688
39.973096 116.425047 39.985570 116.437521
39.831940 116.405599 39.838524 116.412183
39.927426 116.693898 39.943498 116.709970
39.972641 116.428950 39.989837 116.446146
39.871973 116.372373 39.885037 116.385437
39.834722 116.305433 39.846546 116.317257
39.907484 116.396084 39.923154 116.411754
39.763038 116.330474 39.772472 116.339908
40.046740 116.609529 40.059260 116.622049
39.879609 116.358135 39.882421 116.360947
40.025058 116.410888 40.028276 116.414106
39.841980 116.331785 39.854792 116.344597
39.856356 116.418503 39.858800 116.420947
39.910142 116.175904 39.919968 116.185730
39.801472 116.455903 39.810262 116.464693
39.945374 116.424935 39.949454 116.429015
39.908540 116.549331 39.912280 116.553071
39.966198 116.360718 39.968464 116.362984
39.976666 116.427394 39.994198 116.444926
39.928943 116.509323 39.937611 116.517991
39.885623 116.297940 39.894679 116.306996
40.125849 116.648044 40.134373 116.656568
39.775892 116.291489 39.782556 116.298153
39.951915 116.281316 39.967625 116.297026
39.834745 116.501363 39.850877 116.517495
39.922763 116.314262 39.934219 116.325718
39.876354 116.360668 39.879726 116.364040
39.871227 116.359311 39.878285 116.366369
39.950423 116.263065 39.960243 116.272885
39.893688 116.396276 39.897636 116.400224
39.953837 116.431309 39.961069 116.438541
39.891891 116.388411 39.895881 116.392401
39.965786 116.298962 39.970460 116.303636
39.895177 116.343417 39.899183 116.347423
39.862532 116.297200 39.876522 116.311190
39.976498 116.365658 39.981620 116.370780
40.127455 116.267543 40.131819 116.271907
39.768445 116.336231 39.779873 116.347659
39.983199 116.468009 39.989981 116.474791
39.903532 116.456937 39.909278 116.462683
39.812080 116.478456 39.824240 116.490616
39.929869 116.459422 39.933139 116.462692
39.812549 116.453716 39.817141 116.458308
39.713543 116.343580 39.718097 116.348134
40.169547 116.383999 40.186483 116.400935
39.747865 116.137766 39.757375 116.147276
39.842507 116.477924 39.854721 116.490138
39.716458 116.161550 39.726492 116.171584
39.899109 116.212744 39.912243 116.225878
40.083546 116.310582 40.097376 116.324412
40.014355 116.477154 40.043487 116.506286
39.913888 116.489269 39.931426 116.506807
39.901173 116.206793 39.914045 116.219665
39.964026 116.498327 39.973024 116.507325
39.960433 116.355748 39.965145 116.360460
39.889545 116.415611 39.894901 116.420967
40.096358 116.411610 40.112210 116.427462
40.054683 116.118012 40.064453 116.127782
39.814273 116.261913 39.822641 116.270281
39.842086 116.541153 39.862348 116.561415
39.927752 116.458533 39.937624 116.468405
39.754712 116.155503 39.760886 116.161677
39.868004 116.399711 39.878500 116.410207
39.928287 116.308870 39.939883 116.320466
39.921289 116.352398 39.926581 116.357690
39.886875 116.427907 39.892113 116.433145
39.892465 116.252406 39.894609 116.254550
40.015589 116.413053 40.023285 116.420749
39.909501 116.171472 39.919819 116.181790
39.783344 116.354794 39.790534 116.361984
40.028082 116.305355 40.041400 116.318673
39.973540 116.238725 39.986336 116.251521
39.846365 116.525439 39.850011 116.529085
40.125725 116.425421 40.143885 116.443581
39.724996 116.117978 39.728046 116.121028
39.858134 116.508318 39.869100 116.519284
39.990321 116.506094 40.009015 116.524788
39.968913 116.394383 39.977473 116.402943
39.921163 116.379011 39.923489 116.381337
39.958671 116.464160 39.963187 116.468676
39.896040 116.569786 39.910870 116.584616
39.998032 116.268669 40.007642 116.278279
39.975324 116.351389 39.978074 116.354139
39.864262 116.344193 39.869544 116.349475
39.918073 116.364913 39.924547 116.371387
39.847999 116.383940 39.854369 116.390310
39.755682 116.542256 39.762542 116.549116
40.081978 116.261242 40.093464 116.272728
39.838955 116.362991 39.854489 116.378525
39.845513 116.408444 39.855419 116.418350
39.920908 116.355066 39.931512 116.365670
40.055476 116.364404 40.066644 116.375572
39.861397 116.427437 39.867589 116.433629
39.750122 116.288195 39.755724 116.293797
39.715612 116.148670 39.732954 116.166012
40.030729 116.422601 40.045061 116.436933
39.886715 116.246921 39.899519 116.259725
40.006162 116.459367 40.011844 116.465049
39.893866 116.212747 39.911244 116.230125
39.856962 116.497319 39.865680 116.506037
39.975809 116.516700 39.980071 116.520962
40.081431 116.243795 40.101115 116.263479
40.141642 116.625437 40.195328 116.679123
39.774394 116.138498 39.801812 116.165916
39.943562 116.272513 39.959420 116.288371
39.933353 116.325408 39.936171 116.328226
40.121697 116.497742 40.174489 116.550534
39.862581 116.294115 39.869193 116.300727
39.812845 116.284215 39.823997 116.295367
39.909561 116.329967 39.918835 116.339241
39.752409 116.543406 39.766673 116.557670
39.860120 116.436579 39.867528 116.443987
39.855830 116.301973 39.860286 116.306429
39.952329 116.460290 39.959533 116.467494
39.789163 116.497062 39.793521 116.501420
39.757700 116.544311 39.770956 116.557567
39.887738 116.683647 39.896566 116.692475
39.944501 116.464947 39.957461 116.477907
39.891751 116.461948 39.898393 116.468590
39.912566 116.408140 39.918398 116.413972
39.838369 116.499754 39.844535 116.505920
39.857159 116.313591 39.869087 116.325519
39.716806 116.150432 39.735592 116.169218
39.945830 116.247297 39.948270 116.249737
39.881948 116.526956 39.889134 116.534142
39.835932 116.423162 39.844596 116.431826
39.969668 116.439300 39.989636 116.459268
39.776291 116.339757 39.791023 116.354489
39.993448 116.450545 40.008918 116.466015
39.965888 116.306441 39.968438 116.308991
39.919287 116.247341 39.929329 116.257383
39.878018 116.340232 39.890872 116.353086
39.888756 116.401434 39.893864 116.406542
39.940640 116.446202 39.948202 116.453764
39.714846 116.269141 39.724450 116.278745
40.135895 116.253772 40.146023 116.263900
39.891480 116.342995 39.899934 116.351449
39.816509 116.276100 39.832071 116.291662
39.754746 116.157990 39.765642 116.168886
39.840049 116.203541 39.849493 116.212985
39.771251 116.383420 39.778355 116.390524
39.713843 116.326131 39.719245 116.331533
39.911684 116.452600 39.914460 116.455376
39.883369 116.350455 39.891677 116.358763
39.891128 116.433355 39.895612 116.437839
40.012310 116.552308 40.027902 116.567900
39.909081 116.454928 39.917557 116.463404
39.924030 116.504179 39.943038 116.523187
39.862873 116.273622 39.874361 116.285110
39.835923 116.395746 39.841717 116.401540
39.762796 116.379261 39.765004 116.381469
39.963385 116.285262 39.982545 116.304422
39.827594 116.193159 39.838278 116.203843
40.122763 116.650425 40.127391 116.655053
39.941979 116.360928 39.952441 116.371390
39.845804 116.313474 39.851104 116.318774
39.867008 116.323850 39.870088 116.326930
39.871674 116.468246 39.873894 116.470466
39.873588 116.454676 39.886664 116.467752
39.989693 116.450076 39.999499 116.459882
39.845671 116.263538 39.853083 116.270950
40.055367 116.118696 40.063789 116.127118
39.922954 116.479277 39.933798 116.490121
39.863353 116.432182 39.869069 116.437898
39.929680 116.532021 39.942508 116.544849
40.020428 116.406448 40.031972 116.417992
39.957941 116.285589 39.964705 116.292353
39.838619 116.384548 39.842021 116.387950
39.932213 116.292686 39.950275 116.310748
39.959165 116.299970 39.964973 116.305778
39.828716 116.664973 39.840574 116.676831
39.745617 116.144198 39.749479 116.148060
40.023157 116.623365 40.040877 116.641085
39.882352 116.664476 39.897208 116.679332
39.986645 116.410805 39.991535 116.415695
40.069894 116.313141 40.081868 116.325115
39.911680 116.533125 39.921770 116.543215
40.032360 116.190683 40.048500 116.206823
39.779326 116.441746 39.797888 116.460308
39.907192 116.176633 39.909518 116.178959
39.869336 116.660860 39.874948 116.666472
40.095050 116.408125 40.113778 116.426853
39.902555 116.365488 39.908311 116.371244
39.778045 116.283315 39.791239 116.296509
39.821739 116.337091 39.832879 116.348231
39.712285 116.128998 39.723617 116.140330
39.911646 116.475290 39.930278 116.493922
39.878886 116.600203 39.882166 116.603483
39.887810 116.526053 39.890954 116.529197
39.998807 116.396748 40.012385 116.410326
39.823983 116.331492 39.833635 116.341144
39.997126 116.360318 40.014750 116.377942
39.844952 116.313182 39.851862 116.320092
39.855326 116.260362 39.864768 116.269804
39.938601 116.549044 39.955927 116.566370
39.919838 116.347152 39.924480 116.351794
39.952651 116.429554 39.958957 116.435860
39.758462 116.220134 39.763836 116.225508
39.767034 116.253163 39.782498 116.268627
39.931375 116.334664 39.934169 116.337458
40.109035 116.637491 40.126343 116.654799
39.910932 116.412583 39.920578 116.422229
40.056568 116.239732 40.074694 116.257858
39.744454 116.385760 39.760300 116.401606
39.903590 116.318448 39.908464 116.323322
39.926996 116.254858 39.932030 116.259892
39.717634 116.273707 39.724950 116.281023
39.737433 116.330006 39.742907 116.335480
39.823039 116.282479 39.842437 116.301877
39.923188 116.374607 39.932494 116.383913
39.862715 116.422162 39.869427 116.428874
39.789667 116.342968 39.797493 116.350794
39.927726 116.290297 39.938066 116.300637
39.984756 116.300484 39.992770 116.308498
39.941077 116.241754 39.955083 116.255760
39.877160 116.541784 39.885814 116.550438
39.843610 116.281990 39.852280 116.290660
39.787887 116.486804 39.798779 116.497696
39.988135 116.423133 40.002305 116.437303
39.852043 116.237447 39.860573 116.245977
39.855424 116.256167 39.859560 116.260303
39.875140 116.337040 39.885208 116.347108
39.833390 116.373193 39.845364 116.385167
39.754162 116.386474 39.763260 116.395572
39.961809 116.482251 39.975423 116.495865
39.891353 116.381703 39.896293 116.386643
39.729418 116.327505 39.733714 116.331801
39.943735 116.454207 39.956929 116.467401
39.902961 116.435641 39.915201 116.447881
39.931750 116.407152 39.935502 116.410904
40.043621 116.577152 40.057153 116.590684
39.902729 116.448581 39.909563 116.455415
39.813721 116.259370 39.825811 116.271460
39.989090 116.413705 39.996004 116.420619
39.869920 116.344563 39.877708 116.352351
39.893313 116.315574 39.901757 116.324018
39.957923 116.380776 39.968487 116.391340
39.830556 116.399179 39.846128 116.414751
39.875301 116.306768 39.885283 116.316750
39.932899 116.450984 39.939397 116.457482
39.913565 116.401234 39.917491 116.405160
39.831936 116.420206 39.847910 116.436180
39.915553 116.388362 39.920905 116.393714
39.870683 116.463912 39.877645 116.470874
39.950394 116.228198 39.960610 116.238414
40.035831 116.596525 40.055291 116.615985
39.962999 116.529947 39.971623 116.538571
39.766748 116.366973 39.786724 116.386949
39.865943 116.308898 39.869841 116.312796
39.819757 116.266705 39.824019 116.270967
39.944881 116.117418 39.963935 116.136472
39.841189 116.362241 39.849703 116.370755
39.974070 116.347928 39.985690 116.359548
39.889255 116.429199 39.893943 116.433887
39.860922 116.513407 39.870366 116.522851
40.090257 116.535289 40.108475 116.553507
39.742999 116.385413 39.761079 116.403493
39.800747 116.380673 39.805445 116.385371
39.791299 116.476491 39.808583 116.493775
39.842301 116.418390 39.849567 116.425656
39.925214 116.240541 39.935224 116.250551
39.907367 116.455284 39.915837 116.463754
39.823540 116.308305 39.832246 116.317011
39.906656 116.348590 39.915376 116.357310
39.978096 116.456897 39.996978 116.475779
39.886400 116.440348 39.897028 116.450976
39.925608 116.363703 39.933878 116.371973
40.036400 116.204878 40.041806 116.210284
40.147177 116.259481 40.153829 116.266133
39.966272 116.500314 39.971428 116.505470
39.970652 116.320483 39.980440 116.330271
39.896465 116.212510 39.903253 116.219298
39.779739 116.402849 39.791503 116.414613
40.004030 116.282302 40.009752 116.288024
39.989588 116.399765 39.993956 116.404133
39.905434 116.348803 39.908200 116.351569
39.804516 116.297141 39.815474 116.308099
39.889693 116.375358 39.895799 116.381464
39.903577 116.480105 39.919655 116.496183
40.069903 116.526721 40.086313 116.543131
39.906399 116.372954 39.911821 116.378376
39.895639 116.213082 39.900631 116.218074
40.109578 116.507818 40.139312 116.537552
39.844251 116.443454 39.849491 116.448694
39.731728 116.133856 39.748616 116.150744
39.927368 116.685923 39.939620 116.698175
39.862783 116.331498 39.877139 116.345854
39.912399 116.681950 39.925223 116.694774
39.814652 116.347733 39.825606 116.358687
39.906051 116.297205 39.918531 116.309685
40.012987 116.294651 40.029025 116.310689
40.018660 116.328344 40.037362 116.347046
39.904001 116.446852 39.911899 116.454750
39.864892 116.421155 39.867218 116.423481
39.873573 116.327406 39.881421 116.335254
39.740073 116.334583 39.750019 116.344529
39.894012 116.396770 39.898434 116.401192
39.837315 116.506389 39.844775 116.513849
39.709641 116.316566 39.722753 116.329678
39.960527 116.351878 39.969589 116.360940
39.981532 116.286766 39.984262 116.289496
39.895773 116.349701 39.902523 116.356451
39.933172 116.404046 39.945190 116.416064
39.743718 116.333038 39.753522 116.342842
39.870454 116.655108 39.885356 116.670010
39.691282 116.109092 39.720754 116.138564
39.879430 116.430673 39.886932 116.438175
39.907125 116.538914 39.924625 116.556414
40.083059 116.508816 40.102071 116.527828
39.784145 116.281526 39.794603 116.291984
39.732500 116.583522 39.748726 116.599748
39.859828 116.426844 39.871562 116.438578
39.727685 116.325772 39.735447 116.333534
39.918231 116.104743 39.932205 116.118717
39.960887 116.433114 39.963979 116.436206
39.867328 116.315843 39.879120 116.327635
39.909301 116.406699 39.918951 116.416349
39.854952 116.365253 39.865164 116.375465
40.081942 116.243370 40.098696 116.260124
39.990073 116.399084 40.000171 116.409182
39.714761 116.282991 39.733889 116.302119
39.869755 116.348315 39.880265 116.358825
39.922430 116.328932 39.931836 116.338338
40.000450 116.270917 40.005158 116.275625
39.917032 116.266522 39.924898 116.274388
39.958303 116.364405 39.976979 116.383081
39.767352 116.270361 39.777588 116.280597
39.722539 116.136464 39.740005 116.153930
39.962047 116.302860 39.969927 116.310740
39.745518 116.283879 39.760278 116.298639
39.793622 116.373922 39.812590 116.392890
39.830320 116.551256 39.834094 116.555030
39.782734 116.250293 39.818584 116.286143
39.924783 116.291935 39.939261 116.306413
39.992911 116.463514 40.011499 116.482102
39.932739 116.401631 39.935991 116.404883
39.777193 116.408719 39.797077 116.428603
39.888266 116.274846 39.904990 116.291570
39.847401 116.136733 39.873629 116.162961
39.776842 116.345490 39.794440 116.363088
39.891877 116.336645 39.904385 116.349153
39.906553 116.589155 39.917275 116.599877
39.981571 116.308919 39.987725 116.315073
39.804815 116.515340 39.821149 116.531674
40.077314 116.333917 40.086664 116.343267
39.817321 116.329967 39.836317 116.348963
40.045809 116.485058 40.071079 116.510328
39.857324 116.269197 39.872312 116.284185
39.945349 116.603818 39.953867 116.612336
39.973002 116.199290 39.988320 116.214608
39.903828 116.322827 39.906466 116.325465
39.860545 116.674539 39.873545 116.687539
39.886159 116.383865 39.889865 116.387571
39.860545 116.495304 39.871063 116.505822
39.966700 116.340555 39.972348 116.346203
39.946091 116.412571 39.951027 116.417507
40.044108 116.588144 40.051252 116.595288
39.824328 116.373332 39.841900 116.390904
39.757076 116.375762 39.766946 116.385632
39.968161 116.488648 39.975987 116.496474
40.148603 116.380674 40.162425 116.394496
39.792337 116.297130 39.805363 116.310156
40.038194 116.175584 40.045828 116.183218
39.932959 116.370996 39.936843 116.374880
39.894792 116.394039 39.898704 116.397951
39.855388 116.433572 39.861422 116.439606
39.923616 116.329171 39.929708 116.335263
39.930782 116.376098 39.938714 116.384030
39.921030 116.192843 39.929584 116.201397
39.892150 116.372504 39.895270 116.375624
39.894146 116.380533 39.905350 116.391737
39.804606 116.537948 39.824102 116.557444
39.868189 116.275494 39.875283 116.282588
39.717297 116.291347 39.733121 116.307171
39.961604 116.351501 39.974918 116.364815
39.994088 116.601297 40.003832 116.611041
39.922982 116.251853 39.936134 116.265005
40.072578 116.664666 40.103824 116.695912
39.770151 116.280509 39.787283 116.297641
39.920783 116.200470 39.937939 116.217626
39.992434 116.453106 39.996812 116.457484
39.908392 116.191810 39.922632 116.206050
39.758624 116.156310 39.778838 116.176524
40.097645 116.414670 40.110129 116.427154
39.787371 116.473438 39.801257 116.487324
40.102858 116.319143 40.126420 116.342705
39.964393 116.321681 39.971767 116.329055
39.930502 116.390806 39.938872 116.399176
39.964392 116.418967 39.976762 116.431337
39.984104 116.192178 40.001048 116.209122
39.899100 116.396530 39.906700 116.404130
39.967338 116.507218 39.986888 116.526768
39.955618 116.103941 39.968574 116.116897
39.951263 116.328355 39.953803 116.330895
39.983092 116.448480 40.001122 116.466510
40.034172 116.249444 40.050434 116.265706
39.723649 116.320335 39.739109 116.335795
39.972463 116.280115 39.992379 116.300031
39.884119 116.371303 39.893687 116.380871
39.889230 116.206344 39.907138 116.224252
39.924543 116.428330 39.931303 116.435090
39.912277 116.387466 39.919219 116.394408
39.860726 116.223421 39.875898 116.238593
40.099249 116.277897 40.109501 116.288149
39.966456 116.553213 39.975580 116.562337
39.900901 116.451292 39.908739 116.459130
40.058428 116.227732 40.070438 116.239742
39.953858 116.329382 39.959304 116.334828
39.799407 116.576195 39.805663 116.582451
39.892262 116.373882 39.894362 116.375982
39.855080 116.265314 39.860368 116.270602
39.774434 116.337547 39.783766 116.346879
39.818806 116.205139 39.821746 116.208079
39.974683 116.475993 39.981843 116.483153
39.985916 116.217461 39.997444 116.228989
39.857636 116.446218 39.864336 116.452918
39.974574 116.364522 39.980198 116.370146
39.868446 116.347806 39.876418 116.355778
39.989903 116.458985 40.004949 116.474031
40.138807 116.246889 40.152561 116.260643
39.784169 116.599016 39.800863 116.615710
40.040314 116.583312 40.059096 116.602094
39.873119 116.540837 39.881983 116.549701
39.921136 116.443715 39.924712 116.447291
40.034741 116.428710 40.061185 116.455154
39.855766 116.466340 39.869268 116.479842
39.849025 116.194813 39.853443 116.199231
40.001831 116.446113 40.014065 116.458347
39.842511 116.327847 39.856011 116.341347
39.854077 116.446078 39.863127 116.455128
39.992301 116.284169 40.004683 116.296551
39.984403 116.477492 39.996911 116.490000
39.972598 116.473555 39.975948 116.476905
39.848584 116.356503 39.853752 116.361671
39.864950 116.475508 39.880912 116.491470
39.955809 116.330202 39.965747 116.340140
39.965348 116.403172 39.969546 116.407370
39.910829 116.143722 39.929181 116.162074
40.075566 116.328921 40.082038 116.335393
39.915763 116.559279 39.930239 116.573755
39.894515 116.274846 39.905659 116.285990
39.925425 116.653199 39.948253 116.676027
39.749233 116.597663 39.767345 116.615775
39.915425 116.400224 39.921297 116.406096
39.739376 116.537813 39.755386 116.553823
39.874769 116.483406 39.879633 116.488270
39.924256 116.271455 39.937346 116.284545
39.992401 116.445655 39.997255 116.450509
39.972060 116.308868 39.984740 116.321548
39.745464 116.143908 39.747922 116.146366
39.927905 116.407540 39.936795 116.416430
39.799432 116.463771 39.818984 116.483323
39.858665 116.392916 39.870519 116.404770
39.893971 116.412041 39.900031 116.418101
39.922713 116.496875 39.932295 116.506457
40.049809 116.612598 40.056191 116.618980
39.980326 116.353318 39.983106 116.356098
39.952071 116.382858 39.955657 116.386444
40.107523 116.272063 40.114739 116.279279
39.951395 116.219520 39.960603 116.228728
39.939167 116.422886 39.942455 116.426174
39.909828 116.549360 39.913434 116.552966
39.827784 116.582343 39.844964 116.599523
39.897103 116.302046 39.914897 116.319840
39.925713 116.506093 39.940841 116.521221
39.971522 116.538681 39.976618 116.543777
39.859949 116.399391 39.867389 116.406831
39.829027 116.371701 39.844755 116.387429
39.876721 116.451091 39.886249 116.460619
39.919603 116.370732 39.928361 116.379490
39.838499 116.524875 39.843529 116.529905
39.987147 116.416572 39.997369 116.426794
40.022268 116.512634 40.025136 116.515502
40.102375 116.533945 40.107819 116.539389
39.991730 116.347077 40.004216 116.359563
40.012584 116.316783 40.014676 116.318875
39.915480 116.246271 39.934546 116.265337
39.875777 116.507168 39.887419 116.518810
39.877328 116.304979 39.886424 116.314075
40.004586 116.282268 40.010672 116.288354
39.850174 116.419593 39.857408 116.426827
39.944006 116.120423 39.960880 116.137297
39.898622 116.636510 39.914588 116.652476
39.804324 116.444979 39.824040 116.464695
39.874600 116.445597 39.885578 116.456575
40.035228 116.342946 40.045822 116.353540
39.954377 116.417079 39.960415 116.423117
39.943404 116.272479 39.960140 116.289215
39.842040 116.331157 39.845948 116.335065
39.980750 116.365683 39.989070 116.374003
40.139005 116.234869 40.150665 116.246529
39.946729 116.331984 39.956451 116.341706
40.100808 116.276567 40.112274 116.288033
39.895703 116.663419 39.907493 116.675209
39.961916 116.283969 39.977254 116.299307
39.921085 116.516320 39.926711 116.521946
40.037898 116.300356 40.048090 116.310548
39.770547 116.426352 39.786361 116.442166
39.840774 116.369233 39.844434 116.372893
39.892907 116.370631 39.902037 116.379761
40.080640 116.660699 40.091946 116.672005
39.739802 116.320255 39.752342 116.332795
39.789078 116.354720 39.796300 116.361942
39.797357 116.367116 39.814457 116.384216
39.942046 116.088393 39.961310 116.107657
39.928010 116.107131 39.934216 116.113337
39.971489 116.344043 39.977271 116.349825
39.907543 116.285972 39.912831 116.291260
39.886141 116.467633 39.899771 116.481263
39.890882 116.375976 39.898518 116.383612
39.985200 116.631288 39.990682 116.636770
39.934710 116.373999 39.943846 116.383135
39.895405 116.354005 39.900755 116.359355
39.720568 116.343893 39.725884 116.349209
40.018418 116.287265 40.028794 116.297641
39.872815 116.483609 39.884181 116.494975
39.988600 116.334174 39.997830 116.343404
40.075414 116.305350 40.085380 116.315316
39.928212 116.481872 39.934112 116.487772
39.816606 116.492736 39.825748 116.501878
39.919416 116.344919 39.922998 116.348501
39.739718 116.137272 39.759106 116.156660
39.945849 116.392001 39.949675 116.395827
39.921003 116.446910 39.924897 116.450804
39.778799 116.395303 39.791623 116.408127
39.855249 116.470058 39.874215 116.489024
39.957644 116.478474 39.970876 116.491706
39.951663 116.482356 39.965181 116.495874
39.854050 116.409794 39.862254 116.417998
39.897753 116.215315 39.901485 116.219047
39.865471 116.461557 39.870993 116.467079
39.962453 116.528052 39.967673 116.533272
39.901291 116.322721 39.915929 116.337359
39.995840 116.333170 40.006960 116.344290
39.931531 116.449678 39.934183 116.452330
39.843634 116.328230 39.854384 116.338980
40.149947 116.253927 40.172715 116.276695
39.854155 116.535834 39.862693 116.544372
39.935296 116.453717 39.937586 116.456007
39.841870 116.329320 39.854202 116.341652
39.955869 116.376115 39.968423 116.388669
40.069426 116.216067 40.081422 116.228063
40.070517 116.368516 40.081585 116.379584
39.891672 116.182660 39.905150 116.196138
39.724333 116.118230 39.727607 116.121504
39.906379 116.215365 39.911591 116.220577
39.862764 116.397287 39.867088 116.401611
40.010548 116.445974 40.030534 116.465960
40.105617 116.269751 40.118557 116.282691
39.787391 116.184822 39.804251 116.201682
39.952790 116.281925 39.964320 116.293455
39.832574 116.286999 39.838890 116.293315
39.945728 116.466684 39.956740 116.477696
39.946764 116.330779 39.956792 116.340807
39.916784 116.549904 39.924104 116.557224
39.775665 116.413548 39.790391 116.428274
39.888005 116.257290 39.890513 116.259798
39.856760 116.424772 39.862824 116.430836
40.071413 116.314660 40.080349 116.323596
39.932925 116.442261 39.939779 116.449115
39.924452 116.147262 39.941248 116.164058
39.925022 116.333145 39.928820 116.336943
39.854284 116.247822 39.863894 116.257432
39.722849 116.117808 39.739113 116.134072
39.950570 116.463133 39.960654 116.473217
39.799946 116.411933 39.811124 116.423111
39.840800 116.189999 39.860088 116.209287
39.900430 116.173315 39.915816 116.188701
39.908590 116.470814 39.917878 116.480102
39.891258 116.451279 39.902544 116.462565
39.854307 116.423538 39.857867 116.427098
39.975610 116.414879 39.984854 116.424123
39.880097 116.354415 39.886899 116.361217
40.070921 116.523101 40.080319 116.532499
39.970686 116.485961 39.979284 116.494559
39.992560 116.331270 39.998680 116.337390
39.724568 116.141755 39.735952 116.153139
39.864453 116.331001 39.872673 116.339221
39.930869 116.112149 39.936251 116.117531
39.864600 116.279256 39.872158 116.286814
39.898251 116.260443 39.906375 116.268567
39.747997 116.143995 39.757579 116.153577
39.948683 116.476569 39.951621 116.479507
40.061971 116.116236 40.068681 116.122946
39.921902 116.245907 39.935594 116.259599
39.946470 116.394213 39.956264 116.404007
39.889631 116.535442 39.907571 116.553382
40.126246 116.268777 40.139788 116.282319
39.707857 116.339966 39.721337 116.353446
39.806451 116.431641 39.825413 116.450603
39.815052 116.288779 39.824150 116.297877
39.795012 116.557154 39.815988 116.578130
39.933622 116.325011 39.944274 116.335663
39.900218 116.667891 39.919572 116.687245
39.951366 116.430826 39.959034 116.438494
39.715031 116.323865 39.728769 116.337603
39.884169 116.289357 39.897743 116.302931
39.757521 116.400411 39.775701 116.418591
39.916304 116.190164 39.919178 116.193038
39.944916 116.338715 39.949686 116.343485
40.070518 116.322014 40.085248 116.336744
39.756175 116.274507 39.767915 116.286247
39.762404 116.646100 39.824414 116.708110
39.952582 116.319685 39.958818 116.325921
39.908925 116.485453 39.914307 116.490835
39.905003 116.430206 39.910781 116.435984
39.987190 116.211194 40.002992 116.226996
39.831157 116.394273 39.843881 116.406997
39.887633 116.397739 39.896057 116.406163
39.865947 116.343970 39.872765 116.350788
40.050234 116.113563 40.068922 116.132251
40.118230 116.642146 40.129068 116.652984
39.919060 116.261741 39.929060 116.271741
39.940548 116.236366 39.954626 116.250444
39.888780 116.244173 39.894816 116.250209
39.876536 116.450886 39.887118 116.461468
39.926816 116.254973 39.932408 116.260565
39.762924 116.571010 39.776238 116.584324
39.898828 116.402027 39.909600 116.412799
39.757204 116.368539 39.769382 116.380717
39.750179 116.406558 39.756797 116.413176
39.850245 116.318609 39.864663 116.333027
40.001452 116.334464 40.017290 116.350302
39.963016 116.491953 39.979160 116.508097
40.020675 116.516457 40.029425 116.525207
39.990821 116.326788 40.002665 116.338632
39.755668 116.377044 39.767226 116.388602
39.952515 116.282854 39.963839 116.294178
39.986559 116.193656 39.998003 116.205100
39.891110 116.313545 39.905698 116.328133
40.098305 116.657159 40.107791 116.666645
40.015611 116.328921 40.034529 116.347839
39.864672 116.660190 39.867790 116.663308
39.790142 116.369683 39.806358 116.385899
39.996408 116.573662 40.008082 116.585336
39.865366 116.403466 39.871594 116.409694
39.805137 116.159267 39.814041 116.168171
39.830947 116.419177 39.849005 116.437235
39.901581 116.214832 39.911743 116.224994
39.880950 116.351676 39.883486 116.354212
39.913828 116.261258 39.921220 116.268650
39.714420 116.456763 39.732036 116.474379
40.068629 116.359958 40.082477 116.373806
39.897555 116.209961 39.902895 116.215301
39.827904 116.502897 39.832862 116.507855
39.875986 116.657817 39.893598 116.675429
39.969811 116.321402 39.977213 116.328804
39.828374 116.277697 39.842242 116.291565
39.816336 116.308988 39.822822 116.315474
40.068138 116.318349 40.080176 116.330387
39.912789 116.106736 39.926041 116.119988
39.908769 116.419399 39.915249 116.425879
39.909790 116.490590 39.919556 116.500356
39.737657 116.139462 39.744747 116.146552
39.926700 116.157691 39.944724 116.175715
39.891930 116.339654 39.898550 116.346274
39.766885 116.252533 39.782617 116.268265
39.835972 116.520380 39.848762 116.533170
39.869549 116.250134 39.876523 116.257108
39.957751 116.273555 39.975855 116.291659
39.870615 116.415376 39.887331 116.432092
40.010526 116.313440 40.018942 116.321856
39.887475 116.437417 39.893267 116.443209
39.743210 116.205811 39.762462 116.225063
39.905128 116.190626 39.922092 116.207590
39.915042 116.530541 39.919368 116.534867
39.902723 116.340181 39.907751 116.345209
39.840817 116.225160 39.855917 116.240260
39.936065 116.369620 39.941593 116.375148
39.951266 116.574721 39.964106 116.587561
39.987632 116.383262 39.992928 116.388558
40.066925 116.340596 40.086737 116.360408
39.746212 116.145135 39.750942 116.149865
39.826235 116.392599 39.844345 116.410709
39.980304 116.410432 39.996094 116.426222
39.900886 116.455195 39.910390 116.464699
40.085022 116.438098 40.089304 116.442380
39.912523 116.365557 39.919739 116.372773
39.962695 116.630251 40.009617 116.677173
39.945823 116.382917 39.960417 116.397511
39.977029 116.245739 39.989851 116.258561
39.730579 116.134740 39.740781 116.144942
39.921917 116.492566 39.941527 116.512176
39.958045 116.373787 39.971539 116.387281
39.813885 116.404122 39.826027 116.416264
39.923207 116.412767 39.932019 116.421579
39.920247 116.170822 39.928799 116.179374
39.740448 116.186511 39.761174 116.207237
39.839989 116.378244 39.856243 116.394498
39.797278 116.549559 39.811876 116.564157
39.931756 116.322297 39.943148 116.333689
39.973275 116.347465 39.984269 116.358459
39.844551 116.320980 39.855769 116.332198
40.006659 116.311903 40.021021 116.326265
39.898833 116.303268 39.911857 116.316292
39.806996 116.156486 39.811690 116.161180
39.828799 116.356922 39.844495 116.372618
39.798531 116.277581 39.808245 116.287295
39.892310 116.419202 39.903628 116.430520
39.964790 116.322969 39.968372 116.326551
39.862290 116.312486 39.872232 116.322428
39.992942 116.235766 40.010044 116.252868
40.109209 116.663893 40.131217 116.685901
39.926099 116.287140 39.940435 116.301476
39.761712 116.546577 39.768416 116.553281
39.889876 116.207487 39.906394 116.224005
39.854101 116.512958 39.864511 116.523368
39.892274 116.362158 39.901802 116.371686
39.803972 116.446697 39.820800 116.463525
39.711239 116.327113 39.721523 116.337397
39.770620 116.330347 39.779554 116.339281
39.892898 116.416774 39.897746 116.421622
39.984293 116.209431 40.000369 116.225507
39.983338 116.203013 39.999054 116.218729
39.910070 116.374938 39.913610 116.378478
40.017687 116.287147 40.029697 116.299157
39.874496 116.459249 39.889348 116.474101
39.908000 116.176404 39.920438 116.188842
40.000562 116.448253 40.010510 116.458201
40.079939 116.110930 40.100599 116.131590
39.911374 116.359012 39.921366 116.369004
40.111093 116.607357 40.124375 116.620639
39.908542 116.685830 39.922730 116.700018
39.901742 116.486756 39.914640 116.499654
39.895639 116.395418 39.898563 116.398342
39.802341 116.385879 39.811013 116.394551
39.742875 116.326637 39.749893 116.333655
39.817742 116.275194 39.836590 116.294042
40.168329 116.378649 40.178693 116.389013
39.902421 116.654544 39.917651 116.669774
39.855776 116.314924 39.860266 116.319414
39.964905 116.464075 39.978035 116.477205
39.968932 116.404694 39.975346 116.411108
39.938833 116.549276 39.955695 116.566138
39.718400 116.163551 39.724432 116.169583
39.800261 116.503747 39.805391 116.508877
39.900863 116.451254 39.908777 116.459168
39.975301 116.351109 39.987473 116.363281
39.951818 116.449104 39.965498 116.462784
39.796627 116.589543 39.837115 116.630031
39.911289 116.342603 39.917005 116.348319
39.925169 116.413718 39.932861 116.421410
39.901896 116.680912 39.919494 116.698510
39.954306 116.449602 39.963030 116.458326
40.072761 116.364807 40.080341 116.372387
39.897123 116.623711 39.913325 116.639913
40.022799 116.297859 40.026301 116.301361
40.104236 116.653684 40.121136 116.670584
40.075821 116.529529 40.078861 116.532569
39.988313 116.335199 39.996553 116.343439
40.069791 116.513059 40.086847 116.530115
40.157866 116.240388 40.175512 116.258034
39.938643 116.276988 39.945149 116.283494
40.002691 116.466615 40.014277 116.478201
39.784322 116.374587 39.792506 116.382771
39.758865 116.554842 39.762343 116.558320
39.743781 116.138491 39.756311 116.151021
39.941487 116.236723 39.960223 116.255459
39.887905 116.371008 39.894297 116.377400
39.998063 116.458357 40.006329 116.466623
39.971135 116.343012 39.976733 116.348610
39.831624 116.285359 39.839240 116.292975
40.031144 116.228086 40.036916 116.233858
40.030755 116.338473 40.050295 116.358013
39.904247 116.484904 39.913815 116.494472
39.777792 116.393195 39.791492 116.406895
39.794293 116.572859 39.811479 116.590045
39.885840 116.519568 39.901120 116.534848
39.882051 116.418825 39.892647 116.429421
39.832915 116.394985 39.844003 116.406073
39.751469 116.328974 39.755577 116.333082
39.909882 116.575685 39.919334 116.585137
39.887738 116.393665 39.894712 116.400639
39.700041 116.396116 39.725923 116.421998
40.130317 116.638455 40.138223 116.646361
39.969839 116.311555 39.981225 116.322941
39.996166 116.393856 40.005594 116.403284
40.053496 116.411748 40.061838 116.420090
39.926993 116.158116 39.932867 116.163990
39.798594 116.161868 39.814340 116.177614
40.061565 116.435148 40.075825 116.449408
39.925772 116.372249 39.934940 116.381417
39.949066 116.379209 39.958628 116.388771
39.810535 116.484028 39.819027 116.492520
39.929868 116.395868 39.933612 116.399612
39.983473 116.299605 39.993351 116.309483
39.914884 116.384953 39.926854 116.396923
40.096592 116.559541 40.112674 116.575623
39.993738 116.509699 40.011880 116.527841
39.920299 116.509005 39.936581 116.525287
39.802675 116.583023 39.807659 116.588007
39.870798 116.462339 39.881600 116.473141
39.931500 116.439126 39.936834 116.444460
39.833901 116.410150 39.844503 116.420752
39.938397 116.226653 39.957667 116.245923
39.930119 116.370867 39.939529 116.380277
39.939796 116.425339 39.943182 116.428725
39.743370 116.403576 39.755524 116.415730
39.794546 116.421136 39.805416 116.432006
39.848796 116.478185 39.855468 116.484857
40.049885 116.297739 40.055581 116.303435
39.849923 116.242148 39.866941 116.259166
39.859881 116.285422 39.877015 116.302556
39.899179 116.277158 39.916733 116.294712
39.857627 116.401678 39.873117 116.417168
39.873983 116.325160 39.876057 116.327234
39.799153 116.159982 39.817369 116.178198
39.932278 116.398295 39.942114 116.408131
39.827022 116.227704 39.845770 116.246452
39.883494 116.371467 39.889728 116.377701
39.963578 116.551378 39.976804 116.564604
39.938561 116.406718 39.941837 116.409994
39.968080 116.201158 39.980958 116.214036
39.959565 116.314137 39.973299 116.327871
39.878765 116.363209 39.887195 116.371639
40.021678 116.415472 40.033548 116.427342
39.774857 116.278995 39.789949 116.294087
39.853121 116.467443 39.861577 116.475899
39.853166 116.278106 39.861866 116.286806
39.912919 116.357035 39.919809 116.363925
39.836902 116.405105 39.840142 116.408345
39.982103 116.485352 39.991707 116.494956
39.880862 116.326641 39.891274 116.337053
39.894344 116.360915 39.900368 116.366939
39.953034 116.302480 39.964682 116.314128
40.056561 116.240264 40.074181 116.257884
39.929494 116.455806 39.942628 116.468940
39.969057 116.345180 39.977277 116.353400
39.777631 116.443838 39.792823 116.459030
39.891120 116.434544 39.900918 116.444342
40.050552 116.395999 40.065644 116.411091
39.908145 116.356027 39.913541 116.361423
39.902747 116.585420 39.921293 116.603966
40.126484 116.303636 40.163750 116.340902
39.816359 116.529265 39.830359 116.543265
39.971803 116.292944 39.975867 116.297008
39.877385 116.662308 39.886253 116.671176
39.875357 116.454714 39.885975 116.465332
39.919075 116.310063 39.928939 116.319927
39.861708 116.394954 39.867710 116.400956
40.028192 116.629756 40.032026 116.633590
39.931477 116.370289 39.938189 116.377001
40.168681 116.453619 40.183545 116.468483
39.879438 116.399868 39.895022 116.415452
39.934321 116.386883 39.936785 116.389347
39.980672 116.406247 39.988972 116.414547
40.061922 116.542532 40.072300 116.552910
40.141499 116.249713 40.156819 116.265033
39.900993 116.427476 39.909751 116.436234
39.932144 116.441505 39.938096 116.447457
39.917126 116.439016 39.925972 116.447862
40.123252 116.419778 40.133542 116.430068
39.975433 116.421960 39.980075 116.426602
39.795519 116.575118 39.809865 116.589464
39.904984 116.466024 39.913100 116.474140
40.127730 116.304882 40.162504 116.339656
39.887821 116.302556 39.891485 116.306220
39.884314 116.436733 39.891028 116.443447
40.139088 116.239090 40.154146 116.254148
39.776734 116.283557 39.782638 116.289461
39.927125 116.262384 39.931447 116.266706
40.041926 116.235940 40.056130 116.250144
39.824586 116.506427 39.827134 116.508975
39.710115 116.343767 39.726103 116.359755
40.142153 116.286339 40.155073 116.299259
40.038246 116.581873 40.052894 116.596521
39.990903 116.213970 39.999451 116.222518
39.869162 116.466569 39.873454 116.470861
40.166756 116.408566 40.182582 116.424392
39.956916 116.309996 39.964352 116.317432
40.099990 116.111427 40.112826 116.124263
39.825269 116.320178 39.842219 116.337128
39.821451 116.455946 39.837839 116.472334
39.965555 116.565281 39.978815 116.578541
39.908054 116.292179 39.917276 116.301401
39.951240 116.278993 39.954932 116.282685
39.971123 116.472224 39.986699 116.487800
39.888006 116.461322 39.903344 116.476660
40.083037 116.297153 40.091439 116.305555
39.894532 116.396442 39.897356 116.399266
39.921219 116.518086 39.927275 116.524142
39.935672 116.304020 39.937768 116.306116
40.112894 116.410470 40.120004 116.417580
39.834535 116.591232 39.843587 116.600284
40.110410 116.273798 40.115056 116.278444
39.802578 116.140120 39.820140 116.157682
39.850621 116.511081 39.863755 116.524215
40.036033 116.303999 40.048355 116.316321
39.839812 116.321473 39.849950 116.331611
40.023540 116.334884 40.036864 116.348208
39.877329 116.422633 39.881837 116.427141
39.904637 116.475633 39.913435 116.484431
39.888360 116.336369 39.891370 116.339379
39.909922 116.344590 39.919832 116.354500
39.922341 116.399319 39.928687 116.405665
40.076571 116.463870 40.107647 116.494946
39.712800 116.336966 39.730722 116.354888
39.735450 116.339780 39.739420 116.343750
39.971701 116.427763 39.991005 116.447067
39.892153 116.457762 39.901027 116.466636
40.070864 116.289581 40.088024 116.306741
39.907779 116.349713 39.914253 116.356187
39.716362 116.350859 39.724296 116.358793
40.091876 116.519379 40.108564 116.536067
39.935385 116.512494 39.941293 116.518402
39.771515 116.284218 39.783401 116.296104
39.956616 116.114895 39.962716 116.120995
39.706434 116.378411 39.715842 116.387819
39.855191 116.475747 39.866713 116.487269
39.903626 116.579638 39.918886 116.594898
39.968362 116.328912 39.977176 116.337726
39.964404 116.224001 39.981620 116.241217
39.819156 116.343125 39.829464 116.353433
39.887207 116.287682 39.891513 116.291988
39.812038 116.409371 39.822152 116.419485
39.846186 116.418977 39.851258 116.424049
39.845341 116.376741 39.853579 116.384979
39.850889 116.191335 39.855873 116.196319
39.976888 116.427577 39.990600 116.441289
39.903542 116.458140 39.909110 116.463708
39.909518 116.425214 39.915006 116.430702
39.737155 116.144948 39.746711 116.154504
39.965813 116.319222 39.973999 116.327408
39.808622 116.503293 39.813036 116.507707
39.958230 116.498480 39.968216 116.508466
40.108338 116.663022 40.132088 116.686772
39.939487 116.417582 39.942127 116.420222
39.813903 116.511896 39.829119 116.527112
40.104051 116.654150 40.120551 116.670650
39.963704 116.272098 39.979778 116.288172
39.853730 116.263151 39.859670 116.269091
40.034386 116.515047 40.050090 116.530751
40.041415 116.301478 40.051439 116.311502
40.028691 116.275748 40.031625 116.278682
40.006617 116.431006 40.022323 116.446712
39.926380 116.393751 39.932646 116.400017
39.906711 116.549872 39.924649 116.567810
39.715187 116.323125 39.733891 116.341829
40.100786 116.539874 40.109336 116.548424
39.779180 116.328250 39.785328 116.334398
39.811191 116.452358 39.818499 116.459666
39.972356 116.473612 39.983518 116.484774
39.801788 116.413332 39.809802 116.421346
39.963312 116.310738 39.966700 116.314126
39.935976 116.292175 39.946626 116.302825
39.902539 116.457928 39.907765 116.463154
39.922042 116.419668 39.934482 116.432108
40.000455 116.402134 40.009833 116.411512
39.928578 116.200126 39.939452 116.211000
39.989981 116.335096 39.996959 116.342074
39.874401 116.374939 39.882655 116.383193
39.965886 116.410487 39.972998 116.417599
39.853857 116.543465 39.873185 116.562793
39.927491 116.454161 39.935893 116.462563
39.902449 116.460957 39.910251 116.468759
39.706893 116.378044 39.716967 116.388118
39.861936 116.307086 39.864750 116.309900
39.906814 116.329844 39.917366 116.340396
39.977768 116.471691 39.988512 116.482435
40.093933 116.136084 40.120307 116.162458
39.770910 116.424881 39.784518 116.438489
39.868372 116.442365 39.871774 116.445767
39.951408 116.341411 39.964710 116.354713
39.976206 116.307958 39.986440 116.318192
39.796834 116.409316 39.813770 116.426252
39.976422 116.301832 39.992726 116.318136
39.905518 116.439478 39.912782 116.446742
39.848810 116.462285 39.868322 116.481797
39.921152 116.401062 39.924238 116.404148
39.723969 116.422704 39.733103 116.431838
39.968529 116.487049 39.975463 116.493983
39.871053 116.361497 39.880757 116.371201
39.800100 116.142805 39.819292 116.161997
39.803721 116.407599 39.821919 116.425797
39.855635 116.282765 39.862017 116.289147
39.743356 116.331917 39.755732 116.344293
39.979644 116.490808 39.988616 116.499780
39.861799 116.417075 39.872007 116.427283
39.851778 116.243136 39.863600 116.254958
39.869861 116.478402 39.886131 116.494672
39.910808 116.170040 39.918044 116.177276
40.099797 116.532359 40.110105 116.542667
39.886782 116.523855 39.892936 116.530009
39.886718 116.472669 39.898726 116.484677
39.808217 116.300842 39.811773 116.304398
39.849270 116.281726 39.853980 116.286436
39.863927 116.319611 39.874901 116.330585
39.969794 116.536953 39.978346 116.545505
39.917793 116.371139 39.922919 116.376265
39.930158 116.448243 39.936448 116.454533
39.922277 116.549115 39.940893 116.567731
